trade_date,isin,symbol,series,open,high,low,close,last_price,prev_close,volume,turnover,trades
2026-08-18,IN0020200104,SGBJUN28,GB,15145.0,15250.0,15101.0,15222.45,15250.0,15145.98,91,1383390.97,29
2026-08-18,IN0020200286,SGBN28VIII,GB,15150.0,15269.85,15150.0,15232.99,15240.0,15157.0,91,1385912.01,29
2026-08-18,IN0020210053,SGBMAY29I,GB,15171.8,15259.98,15166.0,15244.54,15241.0,15170.88,534,8128250.73,94
2026-08-18,IN0020210061,SGBJUN29II,GB,15168.9,15249.0,15153.0,15241.5,15249.0,15168.89,118,1794800.76,14
2026-08-18,IN0020210087,SGBJU29III,GB,15111.0,15270.0,15111.0,15233.51,15200.01,15154.5,144,2193186.51,25
2026-08-18,IN0020210145,SGBSEP29VI,GB,15305.02,15398.0,15305.02,15384.33,15390.0,15342.27,278,4267544.26,32
2026-08-18,IN0020210178,SGBNV29VII,GB,15175.0,15272.4,15151.0,15259.9,15260.0,15186.83,360,5480279.17,30
2026-08-18,IN0020180249,SGBOCT26,GB,15200.0,15225.0,15200.0,15225.0,15225.0,15200.0,17,258440.0,6
2026-08-18,IN0020180314,SGBNOV26,GB,15150.0,15270.0,15125.0,15270.0,15270.0,15150.0,13,197550.0,6
2026-08-18,IN0020190073,SGBJUN27,GB,15221.0,15221.0,15221.0,15221.0,15221.0,15148.68,1,15221.0,1
2026-08-18,IN0020190081,SGBJUL27,GB,15020.0,15170.0,15020.0,15170.0,15170.0,15189.99,2,30190.0,2
2026-08-18,IN0020190107,SGBAUG27,GB,15165.0,15250.0,15165.0,15200.0,15200.0,15168.26,44,670020.5,17
2026-08-18,IN0020190115,SGBSEP27,GB,15398.99,15399.0,15398.99,15399.0,15399.0,15360.0,42,646757.78,2
2026-08-18,IN0020180462,SGBJAN27,GB,15196.9,15196.9,15196.9,15196.9,15196.9,15074.5,3,45590.7,2
2026-08-18,IN0020190370,SGBOCT27,GB,15250.01,15300.0,15250.01,15300.0,15300.0,15250.0,3,45849.01,3
2026-08-18,IN0020180561,SGBFEB27,GB,15149.0,15149.0,15149.0,15149.0,15149.0,15169.55,3,45447.0,2
2026-08-18,IN0020200062,SGBAPR28I,GB,15239.09,15300.0,15239.09,15259.27,15252.01,15239.09,152,2319299.65,38
2026-08-18,IN0020200088,SGBMAY28,GB,15101.0,15270.0,15101.0,15256.99,15257.0,15187.78,956,14567432.82,55
2026-08-18,IN0020200146,SGBJUL28IV,GB,15137.98,15239.0,15101.0,15222.75,15239.0,15137.98,235,3565105.03,42
2026-08-18,IN0020190545,SGBFEB28IX,GB,15148.0,15200.0,15148.0,15199.0,15199.0,15148.0,5,75942.0,4
2026-08-18,IN0020200161,SGBAUG28V,GB,15131.0,15235.0,15121.0,15207.1,15201.0,15161.04,1161,17624028.7,136
2026-08-18,IN0020200195,SGBSEP28VI,GB,15367.0,15480.0,15350.0,15369.0,15355.0,15367.63,426,6545099.56,59
2026-08-18,IN0020200203,SGBOC28VII,GB,15250.0,15300.0,15201.0,15250.01,15250.01,15260.0,605,9221857.19,50
2026-08-18,IN0020190552,SGBMAR28X,GB,15379.99,15397.0,15350.0,15397.0,15397.0,15335.0,162,2492121.99,6
2026-08-18,IN0020210111,SGBJUL29IV,GB,15149.68,15240.0,15149.68,15187.55,15200.0,15149.68,175,2659587.4,32
2026-08-18,IN0020200377,SGBJAN29IX,GB,15199.0,15250.0,15126.0,15242.79,15250.0,15141.84,153,2325330.92,24
2026-08-18,IN0020210129,SGBAUG29V,GB,15148.26,15276.0,15113.01,15230.0,15230.0,15148.26,106,1611951.79,34
2026-08-18,IN0020210228,SGBD29VIII,GB,15177.0,15255.0,15177.0,15218.75,15216.01,15177.54,162,2466144.06,35
2026-08-18,IN0020200385,SGBJAN29X,GB,15135.0,15259.0,15135.0,15248.63,15259.0,15135.0,64,972835.67,17
2026-08-18,IN0020200393,SGBFEB29XI,GB,15105.01,15202.66,15105.01,15202.66,15202.66,15142.34,79,1197192.89,20
2026-08-18,IN0020200427,SGBMR29XII,GB,15310.0,15400.0,15310.0,15393.21,15390.0,15362.85,284,4368723.66,31
2026-08-18,IN0020220045,SGBJUN30,GB,15201.0,15296.0,15165.0,15285.12,15251.0,15201.0,222,3384336.46,53
2026-08-18,IN0020220078,SGBAUG30,GB,15224.0,15299.99,15216.0,15286.37,15299.99,15224.0,198,3020975.31,63
2026-08-18,IN0020220110,SGBDE30III,GB,15232.77,15294.0,15111.0,15250.5,15250.0,15232.77,232,3534683.24,50
2026-08-18,IN0020210236,SGBJAN30IX,GB,15188.0,15263.94,15120.99,15200.55,15201.01,15187.88,194,2948431.01,44
2026-08-18,IN0020210319,SGBMAR30X,GB,15225.0,15300.0,15165.0,15241.48,15240.0,15225.0,481,7324035.0,46
2026-08-18,IN0020230069,SGBJUN31I,GB,15171.0,15350.0,15171.0,15337.48,15350.0,15281.84,340,5197272.58,98
2026-08-18,IN0020230093,SGBSEP31II,GB,15330.0,15445.0,15301.01,15414.46,15428.99,15336.62,959,14722294.82,186
2026-08-18,IN0020230168,SGBDE31III,GB,15474.11,15474.11,15350.0,15431.58,15443.99,15397.12,1399,21573942.71,178
2026-08-18,IN0020220169,SGBMAR31IV,GB,15289.0,15360.0,15260.0,15345.06,15350.0,15283.42,117,1793877.76,27
2026-08-18,IN0020230184,SGBFEB32IV,GB,15386.32,15554.0,15386.32,15551.35,15554.0,15463.64,1687,26137357.0,267
2026-08-18,INE144J01027,20MICRONS,EQ,197.26,198.4,195.2,197.16,197.15,197.26,72434,14241165.65,1693
2026-08-18,INE253B01015,21STCENMGM,EQ,45.82,45.82,45.11,45.64,45.81,44.93,6929,316571.3,117
2026-08-18,INE466L01038,360ONE,EQ,1169.0,1185.0,1154.0,1163.6,1163.6,1173.0,683646,800157303.3,29376
2026-08-18,INF579M01BB5,GOLD360,EQ,148.9,149.4,148.9,149.0,148.95,148.9,11623,1732854.65,394
2026-08-18,INF579M01BP5,MSCI360,EQ,10.24,10.39,10.16,10.35,10.39,10.3,6139,62886.28,14
2026-08-18,INF579M01BC3,SILVER360,EQ,229.47,229.47,227.21,228.08,228.63,229.72,7406,1689853.21,390
2026-08-18,INE994E01018,3BBLACKBIO,EQ,1154.2,1167.8,1142.0,1148.4,1150.0,1148.4,7528,8670806.7,507
2026-08-18,INE748C01038,3IINFOLTD,BE,25.0,25.25,24.36,24.36,24.36,25.64,253855,6214288.7,1140
2026-08-18,INE470A01017,3MINDIA,EQ,35085.0,35290.0,34900.0,34945.0,34900.0,34910.0,1635,57359220.0,1040
2026-08-18,INE105C01023,3PLAND,EQ,32.4,32.5,31.75,32.03,32.0,32.35,1902,61363.71,64
2026-08-18,INE618L01018,5PAISA,EQ,380.8,403.8,380.8,388.3,385.0,380.8,191663,75747591.0,6273
2026-08-18,INE111B01023,63MOONS,EQ,778.05,780.2,753.0,757.65,757.0,780.25,274671,209925866.3,10381
2026-08-18,INE261F07057,735NABAR31,N1,1115.0,1115.0,1115.0,1115.0,1115.0,1115.0,100,111500.0,1
2026-08-18,INE261F07032,764NABAR31,N2,1111.0,1111.0,1109.0,1109.0,1109.0,1112.0,10,11092.0,2
2026-08-18,INE031A07AO5,764HUDCO31,N8,1133.99,1133.99,1120.0,1125.0,1125.0,1124.0,107,120284.49,10
2026-08-18,INE031A07AT4,769HUDCO31,N9,1133.0,1133.0,1131.55,1131.56,1131.55,1130.59,251,284094.97,12
2026-08-18,INE202E07229,774IREDA31,N7,1125.01,1125.01,1125.0,1125.0,1125.0,1125.51,101,113626.0,2
2026-08-18,INE031A07840,82HUDCO27,N2,1054.97,1055.5,1054.97,1055.5,1055.5,1054.14,2775,2927603.35,11
2026-08-18,INE134E07208,830PFCL27,N5,1079.12,1080.0,1079.11,1080.0,1080.0,1082.0,318,343173.75,3
2026-08-18,INE906B07DF8,875NHAI29,N6,1118.0,1119.0,1111.51,1111.99,1111.51,1112.0,693,771492.57,24
2026-08-18,INE031A07949,876HUDCO28,ND,1138.0,1138.0,1138.0,1138.0,1138.0,1137.5,278,316364.0,8
2026-08-18,INE787H07370,891IIFCL34,N4,1250.25,1250.25,1250.25,1250.25,1250.25,1267.9,3,3750.75,1
2026-08-18,INE733E07JJ9,891NTPC33,N6,1280.0,1280.0,1280.0,1280.0,1280.0,1280.0,199,254720.0,3
2026-08-18,INE848E07567,892NHPC33,N6,1265.0,1265.0,1262.0,1262.0,1262.0,1264.0,360,454960.0,3
2026-08-18,INE134E07463,892PFCL33,N8,1280.42,1280.42,1275.1,1275.1,1275.1,1280.42,213,272106.16,6
2026-08-18,INE031A07AB2,901HUDCO34,NE,1288.0,1288.0,1288.0,1288.0,1288.0,1288.0,90,115920.0,2
2026-08-18,INE08PH01015,ABCOTS,EQ,202.48,225.0,201.88,217.4,217.35,199.66,152579,32881988.55,4222
2026-08-18,INE00YB01025,ABINFRA,EQ,11.33,12.99,10.98,12.57,12.88,11.36,25170295,299764082.46,134759
2026-08-18,INE850B01026,ABMKNO,EQ,195.0,200.0,190.0,192.1,192.1,197.0,2037,395789.78,37
2026-08-18,INE366C01021,ACSTECH,EQ,52.0,52.2,49.61,49.92,49.74,50.92,343255,17385904.04,1765
2026-08-18,INE701G01012,AKCAPIT,EQ,1750.7,1800.0,1740.1,1762.7,1750.0,1747.9,1966,3453301.8,436
2026-08-18,INE619I01012,A2ZINFRA,EQ,14.21,14.64,14.21,14.26,14.34,14.49,101272,1450492.31,313
2026-08-18,INE0D0U01013,AAATECH,EQ,92.18,94.0,91.0,92.81,92.7,91.98,14270,1319769.94,309
2026-08-18,INE883F01010,AADHARHFC,EQ,487.65,493.85,482.0,487.4,486.0,487.65,286979,140029916.2,19334
2026-08-18,INE1GYP01013,AAKAAR,SM,50.6,53.05,50.6,53.05,53.05,50.55,14400,752880.0,8
2026-08-18,INE087Z01024,AAKASH,EQ,8.71,9.59,8.71,9.13,9.17,8.77,400049,3674256.03,924
2026-08-18,INE198H01019,AAREYDRUGS,EQ,83.01,85.46,81.31,82.16,83.01,85.58,668238,55481356.35,459
2026-08-18,INE750R01016,AARNAV,EQ,31.35,36.04,30.7,35.37,35.74,31.23,220800,7530905.96,2863
2026-08-18,INE721Z01010,AARON,EQ,142.2,146.0,141.63,143.78,143.8,138.85,35017,5048069.02,1192
2026-08-18,INE01C001026,AARTECH,BE,50.0,53.36,49.0,51.38,51.29,50.82,261953,13518057.97,478
2026-08-18,INE767A01016,AARTIDRUGS,EQ,410.75,415.2,404.5,412.8,413.0,410.75,98898,40768875.15,4057
2026-08-18,INE769A01020,AARTIIND,EQ,526.0,533.8,520.85,530.1,532.0,526.7,830422,437596621.45,23267
2026-08-18,INE0LRU01027,AARTIPHARM,EQ,861.95,892.0,850.0,874.55,874.5,861.95,316783,277767444.5,17793
2026-08-18,INE09EO01013,AARTISURF,BE,594.4,594.4,594.4,594.4,594.4,625.65,6862,4078772.8,257
2026-08-18,INE754X01016,AARVI,EQ,152.0,157.0,150.1,151.93,151.25,152.6,42604,6476758.81,826
2026-08-18,INE2FMX01012,AASTHA,EQ,74.0,74.2,73.0,73.03,73.28,73.21,433445,31749741.13,2090
2026-08-18,INE0OB201016,AATMAJ,SM,20.5,20.5,19.0,19.0,19.0,18.1,10000,197000.0,5
2026-08-18,INE216P01012,AAVAS,EQ,1375.0,1393.9,1375.0,1388.3,1388.0,1389.8,49386,68457770.2,8366
2026-08-18,INE421A01028,ABAN,BE,17.74,17.74,17.74,17.74,17.74,18.1,2547,45183.78,26
2026-08-18,INE365O01028,ABANSENT,EQ,32.79,32.79,30.3,30.3,30.3,31.89,28145,862085.42,241
2026-08-18,INE00ZE01026,AFSL,EQ,202.95,206.7,201.12,205.55,204.31,201.2,6846,1388379.79,219
2026-08-18,INE117A01022,ABB,EQ,7660.0,7734.0,7528.5,7546.0,7546.0,7660.0,126259,961408357.0,17246
2026-08-18,INE358A01014,ABBOTINDIA,EQ,26900.0,26900.0,26510.0,26580.0,26520.0,26905.0,4509,120013140.0,2161
2026-08-18,INE0UYG01015,ABHAPOWER,SM,25.0,25.5,25.0,25.5,25.5,25.2,3200,80800.0,2
2026-08-18,INE251C01025,ABMINTLLTD,BE,53.39,53.39,53.39,53.39,53.39,56.2,906,48371.34,20
2026-08-18,INE0QRV01016,ABSMARINE,ST,240.1,247.95,236.9,238.05,239.95,246.05,43000,10350675.0,73
2026-08-18,INE012A01025,ACC,EQ,1317.0,1319.2,1301.1,1303.8,1304.5,1316.6,116554,152708571.5,8357
2026-08-18,INE793A01012,ACCELYA,EQ,1139.9,1140.0,1126.0,1130.8,1135.0,1134.3,4118,4660681.4,578
2026-08-18,INE0Q5D01013,ACCENTMIC,SM,588.5,602.0,587.15,594.55,597.5,587.6,55000,32714150.0,99
2026-08-18,INE0T8T01010,ACCPL,ST,195.0,200.05,195.0,200.0,200.05,195.0,16800,3341340.0,13
2026-08-18,INE648Z01023,ACCURACY,BE,4.77,4.79,4.63,4.65,4.66,4.75,38884,182367.45,166
2026-08-18,INE543V01017,ACEINTEG,EQ,17.5,18.75,17.5,18.27,18.3,17.78,4121,75547.31,80
2026-08-18,INE622W01025,ACMESOLAR,EQ,363.7,372.95,361.8,371.75,372.25,364.9,609731,224327368.5,17914
2026-08-18,INE731H01025,ACE,EQ,1117.1,1188.0,1117.0,1184.8,1184.0,1113.7,1694531,1982359517.7,68991
2026-08-18,INE0KLO01025,ACTIVEINFR,SM,170.0,170.0,170.0,170.0,170.0,170.0,600,102000.0,1
2026-08-18,INE00FF01025,ACUTAAS,EQ,3190.0,3399.8,3189.9,3391.4,3391.0,3198.2,423370,1405152355.9,45584
2026-08-18,INE931S01010,ADANIENSOL,EQ,1589.0,1630.0,1583.1,1603.0,1603.0,1589.1,2294009,3688047384.4,43684
2026-08-18,INE423A01024,ADANIENT,EQ,3014.0,3036.0,3002.5,3002.5,3002.5,3007.3,721988,2183006634.2,31926
2026-08-18,INE364U01010,ADANIGREEN,EQ,1327.6,1336.4,1308.0,1308.0,1308.0,1327.6,925260,1223797712.4,24553
2026-08-18,INE742F01042,ADANIPORTS,EQ,1691.6,1693.7,1667.0,1682.4,1682.4,1691.0,1298165,2181818449.5,48597
2026-08-18,INE814H01029,ADANIPOWER,EQ,203.8,208.67,203.57,205.58,205.58,203.56,19181716,3965981703.7,94945
2026-08-18,INE399L01023,ATGL,EQ,646.9,655.0,645.8,647.3,647.55,646.9,343489,223214436.6,12888
2026-08-18,INE757C01021,ADDIND,EQ,86.0,89.9,86.0,89.5,89.5,86.0,103,9215.8,6
2026-08-18,INE0RDH01021,ADDICTIVE,SM,43.25,45.4,43.25,44.4,43.85,43.25,31500,1416825.0,33
2026-08-18,INE982B01027,ADFFOODS,EQ,261.9,270.0,260.35,269.6,269.0,262.85,143285,38039519.6,5015
2026-08-18,INE20PL01012,ADISOFT,SM,180.0,182.95,175.05,176.45,175.05,181.0,28000,4977800.0,32
2026-08-18,INE404A01024,ABSLAMC,EQ,1011.0,1022.6,1005.0,1013.3,1017.0,1019.0,108162,109366199.1,17137
2026-08-18,INE674K01013,ABCAPITAL,EQ,399.0,402.8,393.8,402.0,402.0,398.7,4314550,1719379957.35,44687
2026-08-18,INE647O01011,ABFRL,EQ,55.29,55.86,54.82,54.97,55.0,55.29,2804136,154331418.58,16754
2026-08-18,INE14LE01019,ABLBL,EQ,90.01,90.65,88.6,88.72,88.73,89.92,427800,38142689.9,6291
2026-08-18,INE865C01022,BIRLAMONEY,EQ,128.6,131.0,128.6,129.42,129.11,129.87,42360,5492872.73,532
2026-08-18,INE055A01016,ABREL,EQ,1400.0,1401.6,1378.7,1390.8,1390.7,1402.1,89905,124716886.0,7295
2026-08-18,INE819V01029,CPPLUS,EQ,3260.1,3388.0,3260.0,3342.0,3355.0,3343.1,412214,1371042169.1,39832
2026-08-18,INE679V01027,AVL,EQ,608.65,616.95,600.0,614.15,614.7,608.65,182795,111993970.85,11722
2026-08-18,INF209KB18D3,BSLGOLDETF,EQ,137.85,137.85,134.25,134.68,134.44,134.49,2453893,330322246.14,1840
2026-08-18,INF209KB19D1,BSLNIFTY,EQ,28.2,28.64,28.2,28.44,28.46,28.62,865957,24627478.29,3792
2026-08-18,INE045A01017,ADOR,EQ,1525.3,1574.0,1520.6,1562.3,1551.3,1525.3,35829,55574123.5,3657
2026-08-18,INE737B01033,ADROITINFO,EQ,10.3,10.5,9.83,10.36,10.1,9.99,45723,466272.43,275
2026-08-18,INE0ALI01010,ADVAIT,EQ,2077.0,2140.0,2070.0,2126.1,2137.4,2079.2,52562,111142406.3,7479
2026-08-18,INE1B0W01010,ADVANCE,EQ,117.06,120.06,115.81,117.96,118.5,117.06,194213,22920924.93,2370
2026-08-18,INE837H01020,ADVENZYMES,EQ,303.0,307.2,302.0,303.0,302.95,305.6,212986,64942787.6,3683
2026-08-18,INE199C01026,ADVANIHOTR,EQ,50.0,51.4,49.61,50.06,49.85,49.91,26513,1327398.08,416
2026-08-18,INE28GN01010,ADVENTHTL,EQ,135.56,136.83,135.0,135.64,135.0,134.9,104247,14130511.43,1694
2026-08-18,INE178T01024,ADVIKCA,EQ,1.24,1.26,1.18,1.23,1.25,1.21,179534,220536.61,244
2026-08-18,INE1SJO01012,RAMBHAJO,EQ,181.5,183.5,178.0,179.25,178.5,180.97,95052,17116171.89,1425
2026-08-18,INE208C01025,AEGISLOG,EQ,1305.0,1378.0,1303.1,1367.7,1371.0,1287.2,3097867,4180437146.7,115529
2026-08-18,INE0INX01018,AEGISVOPAK,EQ,267.1,280.0,267.1,274.8,274.0,269.5,883444,243131748.25,17096
2026-08-18,INE423A07419,AEL170725,ND,1095.0,1095.0,1095.0,1095.0,1095.0,1095.0,12,13140.0,1
2026-08-18,INE423A07468,AEL170725A,NG,1100.0,1100.0,1100.0,1100.0,1100.0,1100.0,8,8800.0,1
2026-08-18,INE423A07484,860AEL28,NH,1050.0,1065.0,1050.0,1060.0,1060.0,1044.0,27,28660.0,3
2026-08-18,INE423A07518,862AEL31,NM,1020.0,1025.0,1010.1,1011.66,1024.99,1010.0,278,283225.59,8
2026-08-18,INE423A07526,890AEL31,NN,1054.5,1058.9,1054.0,1058.9,1058.9,1052.96,257,270900.9,9
2026-08-18,INE423A07443,9AEL30,NE,1028.05,1028.05,1028.05,1028.05,1028.05,1025.85,8,8224.4,1
2026-08-18,INE423A07393,930AEL30,NF,1034.0,1034.0,1034.0,1034.0,1034.0,1034.0,14,14476.0,1
2026-08-18,INE947N01017,AEQUS,EQ,249.4,263.45,248.23,259.85,259.12,249.58,6595637,1698685164.8,69191
2026-08-18,INE065D01027,AEROENTER,EQ,125.75,133.4,122.0,130.89,130.7,125.73,1139049,147644571.27,12678
2026-08-18,INE024001021,AEROFLEX,EQ,454.0,488.0,449.4,485.85,485.95,455.85,3213334,1534007569.05,62931
2026-08-18,INE035801013,AERONEU,EQ,86.26,86.26,80.01,81.57,83.25,84.49,17969,1495796.46,1235
2026-08-18,INE0WL801011,AERON,SM,75.0,75.0,75.0,75.0,75.0,75.0,2000,150000.0,2
2026-08-18,INE0TSF01011,AESTHETIK,SM,72.0,72.0,71.6,71.6,71.6,74.0,4000,286950.0,4
2026-08-18,INE0BWX01014,AETHER,EQ,1606.0,1692.0,1604.3,1633.6,1635.0,1605.7,308349,510350363.7,28150
2026-08-18,INE101I01011,AFCONS,EQ,269.85,281.45,269.85,280.25,280.0,271.7,1053486,292405454.45,16454
2026-08-18,INE00WC01027,AFFLE,EQ,1715.0,1717.0,1692.8,1711.3,1710.8,1703.9,124757,213069875.2,13154
2026-08-18,INE692Z01013,AFFORDABLE,BE,172.5,172.5,164.16,164.16,164.16,172.8,52609,8663597.12,657
2026-08-18,INE916Y07073,1150AFIL29,N0,9801.33,9820.0,9750.0,9755.0,9755.0,9800.4,65,634910.95,11
2026-08-18,INE0MLA01012,AGARWALFT,SM,36.8,36.8,36.8,36.8,36.8,35.95,3000,110400.0,2
2026-08-18,INE204E01012,AGARIND,EQ,496.55,502.4,493.3,501.1,500.45,499.6,19464,9675676.75,1206
2026-08-18,INE0P8X01016,AGARWALTUF,SM,144.8,144.8,143.0,143.5,144.0,144.35,16800,2412480.0,7
2026-08-18,INE415A01038,AGI,EQ,710.55,720.0,707.0,711.7,710.8,716.5,42716,30377501.55,2597
2026-08-18,INE976R01033,AGIIL,EQ,299.0,299.95,291.15,292.85,294.4,301.5,400576,118499390.25,6349
2026-08-18,INE0LF301013,AGNI,SM,16.45,16.45,15.15,15.25,15.2,15.9,27500,422875.0,10
2026-08-18,INE449G01018,AGRITECH,EQ,103.5,103.5,100.99,101.84,102.4,103.49,3463,354316.04,137
2026-08-18,INE740V01019,AGROPHOS,EQ,27.35,27.35,26.0,26.07,26.05,26.39,30499,799857.39,214
2026-08-18,INE583L01014,AGSTRA,BZ,2.0,2.07,2.0,2.02,2.01,2.02,105301,212917.11,276
2026-08-18,INE00PV01013,AHLADA,EQ,37.4,37.99,36.0,36.43,36.8,37.0,7675,284086.99,214
2026-08-18,INE758C01029,AHLUCONT,EQ,776.0,782.4,702.5,707.7,710.0,793.85,545925,395829503.7,34981
2026-08-18,INE212H01026,AIAENG,EQ,4383.6,4479.0,4326.1,4447.6,4443.0,4383.6,52134,229209596.4,10576
2026-08-18,INE0RUV01018,AIMTRON,SM,1644.5,1780.0,1642.35,1742.6,1747.0,1662.7,54600,94751780.0,246
2026-08-18,INE805A01014,GOLDTECH,BE,48.5,48.7,46.67,47.12,47.4,48.04,30510,1453919.16,214
2026-08-18,INE645W01026,AIRAN,EQ,15.21,15.23,15.04,15.12,15.05,15.23,33026,499508.63,235
2026-08-18,INE801L01010,AIROLAM,EQ,89.99,91.25,87.18,87.91,87.29,87.42,15448,1382301.53,89
2026-08-18,INE031B01049,AJANTPHARM,EQ,3736.0,3796.0,3694.0,3706.4,3710.0,3718.2,145440,544348874.9,20225
2026-08-18,INE274Y01021,AJAXENGG,EQ,565.0,570.0,552.0,558.4,556.65,567.25,53577,29892580.85,4992
2026-08-18,INE298G01035,AJMERA,EQ,117.1,120.8,116.0,116.58,116.4,118.7,208462,24568872.66,2819
2026-08-18,INE820Y01021,AJOONI,EQ,3.65,3.85,3.65,3.82,3.8,3.81,264805,991548.98,448
2026-08-18,INE0PCY01014,AKANKSHA,SM,124.0,127.45,119.3,119.65,119.3,123.7,18000,2230000.0,16
2026-08-18,INE737W01013,AKASH,EQ,25.0,25.77,24.71,25.08,25.0,25.43,377,9477.19,32
2026-08-18,INE00Y801016,AKG,EQ,9.15,9.3,8.81,8.99,8.85,8.98,44658,401704.71,137
2026-08-18,INE642Z01026,AKI,EQ,4.13,4.38,4.05,4.19,4.26,4.13,241941,1019807.77,462
2026-08-18,INE0PMR01017,AKIKO,SM,369.0,382.45,362.0,378.7,382.45,361.85,47200,17536560.0,59
2026-08-18,INE916Y01027,AFIL,EQ,9.2,9.5,9.2,9.36,9.36,9.4,361615,3381123.89,382
2026-08-18,INE523B01011,AKSHOPTFBR,BE,7.32,7.32,7.32,7.32,7.32,6.98,173111,1267172.52,107
2026-08-18,INE256Z01025,AKSHAR,EQ,0.41,0.42,0.41,0.41,0.41,0.41,475644,196650.33,192
2026-08-18,INE542B01011,AKSHARCHEM,BE,302.9,305.0,293.0,301.07,301.0,303.07,5107,1527716.12,87
2026-08-18,INE09XN01023,AKUMS,EQ,753.85,766.85,740.9,744.15,745.25,744.0,263636,198031890.75,18374
2026-08-18,INE914E01040,ALANKIT,EQ,8.1,8.4,8.1,8.13,8.14,8.17,120928,992677.52,420
2026-08-18,INE155C01010,ALBERTDAVD,EQ,805.0,839.0,791.2,833.05,831.05,806.1,17562,14409560.15,1250
2026-08-18,INE448V01019,ALCODIS,SM,63.5,63.5,63.5,63.5,63.5,63.5,1250,79375.0,2
2026-08-18,INE426A01027,ALEMBICLTD,EQ,90.31,90.4,87.8,89.87,89.6,90.15,276330,24661549.39,3134
2026-08-18,INE901L01018,APLLTD,EQ,820.0,838.0,820.0,824.55,826.5,822.45,51271,42548774.8,7691
2026-08-18,INE782D01027,ALFREDHE,EQ,3151.0,3151.0,2980.0,2985.6,2985.0,3151.2,22,66139.8,10
2026-08-18,INE598D01035,ALGOQUANT,EQ,66.2,67.49,65.26,66.27,66.05,66.29,1039258,68446175.8,1352
2026-08-18,INE062D01024,ALICON,EQ,729.7,764.0,718.05,756.95,755.0,726.1,171517,128473742.45,11004
2026-08-18,INE03Q201024,ALIVUS,EQ,1392.2,1413.0,1373.2,1398.7,1400.0,1394.4,141640,197586183.2,20389
2026-08-18,INE773I01017,ALKALI,BE,67.71,69.79,65.6,67.22,68.38,67.71,2884,194258.85,32
2026-08-18,INE540L01014,ALKEM,EQ,5374.0,5510.0,5374.0,5475.0,5475.0,5374.0,127028,695048129.0,19675
2026-08-18,INE150B01039,ALKYLAMINE,EQ,1920.1,1928.8,1885.1,1894.6,1901.4,1920.1,33643,63991414.8,6676
2026-08-18,INE0M2X01012,ALLETEC,ST,128.0,130.0,126.05,127.55,127.0,132.65,36400,4645100.0,73
2026-08-18,INE0GV601021,ALLTIME,EQ,210.98,216.43,208.0,213.99,215.0,213.14,217555,46530126.14,3129
2026-08-18,INE1YPB01014,AGL,EQ,14.0,14.01,13.03,13.25,13.31,14.01,3444947,46470480.47,7750
2026-08-18,INE418H01029,ALLCARGO,EQ,10.05,10.12,9.85,9.97,9.9,10.06,11044531,110126526.81,9178
2026-08-18,INE0NN701020,ATL,EQ,23.91,24.48,23.36,23.68,23.61,23.91,246036,5848268.36,1962
2026-08-18,INE835G01018,ALLDIGI,EQ,809.25,817.3,801.0,814.75,810.05,809.25,8265,6702729.85,803
2026-08-18,INE552Z01027,ABDL,EQ,612.95,617.9,607.8,612.6,613.0,610.65,266137,163123528.25,10013
2026-08-18,INE102I01027,ADSL,EQ,111.2,112.48,110.0,110.38,110.88,111.06,82917,9187023.54,1633
2026-08-18,INE326B01035,ALMONDZ,EQ,14.22,14.4,14.01,14.08,14.05,14.2,17474,247642.58,122
2026-08-18,INE270A01029,ALOKINDS,EQ,11.53,11.57,11.42,11.48,11.47,11.53,2920830,33542481.19,4660
2026-08-18,INE385I01010,ALPA,EQ,65.2,65.2,62.24,62.56,63.3,63.72,8310,523358.73,195
2026-08-18,INE0R4701017,ALPEXSOLAR,SM,788.95,900.0,781.15,871.35,873.0,772.95,270500,229671095.0,1744
2026-08-18,INE137C01018,ALPHAGEO,EQ,344.0,368.0,329.0,352.26,348.0,338.36,199945,70393114.3,6240
2026-08-18,INE1JCQ01037,ALPINETEX,EQ,56.55,63.56,56.55,60.46,60.57,57.14,561798,34001547.88,7797
2026-08-18,INE058F01019,ALUFLUOR,EQ,442.0,455.0,438.05,440.3,443.0,434.05,5718,2547157.9,397
2026-08-18,INE0STM01017,ALUWIND,SM,48.3,48.5,48.2,48.4,48.2,48.9,7500,362475.0,5
2026-08-18,INE121R01077,AMAGI,EQ,580.0,592.2,566.4,579.15,576.55,581.0,1013729,587436777.1,23989
2026-08-18,INE841D01013,AMAL,EQ,751.25,770.0,730.3,740.45,743.7,751.25,2234,1659915.2,155
2026-08-18,INE084K01015,AMANTA,BE,162.3,172.33,159.5,172.29,172.33,164.13,307363,52258275.5,971
2026-08-18,INE885A01032,ARE&M,EQ,945.7,952.8,929.1,935.8,938.05,945.7,415621,389119810.8,21470
2026-08-18,INE484D01012,AMARJOTHI,EQ,162.3,162.3,157.05,157.57,160.0,162.0,2196,351673.55,35
2026-08-18,INE293601014,AMBAAUTO,SM,106.0,106.0,102.0,106.0,106.0,105.45,21000,2210050.0,16
2026-08-18,INE432A01017,AMBALALSA,EQ,45.93,49.5,45.75,47.61,47.87,45.7,549703,26565940.67,3368
2026-08-18,INE00C501018,AMBANIORGO,SM,115.0,115.0,115.0,115.0,115.0,115.0,1000,115000.0,1
2026-08-18,INE371P01015,AMBER,EQ,7265.0,7408.0,7252.0,7350.0,7350.0,7259.0,578175,4231723825.5,33962
2026-08-18,INE792B01012,AMBICAAGAR,EQ,23.81,24.73,23.81,24.29,24.0,23.78,6006,146553.96,65
2026-08-18,INE540G01014,AMBIKCO,EQ,1603.0,1622.9,1593.2,1610.7,1608.0,1615.9,5742,9242778.2,742
2026-08-18,INE079A01024,AMBUJACEM,EQ,414.0,416.9,409.9,412.4,412.4,415.25,2377631,980910348.3,24941
2026-08-18,INE005I01014,AMDIND,EQ,51.41,54.99,51.41,53.35,53.01,51.41,37894,2042610.64,607
2026-08-18,INE275D01022,AMNPLST,EQ,185.35,188.85,184.75,185.83,185.1,185.55,3663,680992.67,215
2026-08-18,INE05TO01019,AEROPLANE,EQ,181.9,187.0,173.72,181.19,180.1,182.85,699230,127313188.27,3584
2026-08-18,INE606A01024,AMJLAND,EQ,39.39,39.4,38.07,38.73,38.13,38.62,1419,54835.97,89
2026-08-18,INE098F01031,AMRUTANJAN,EQ,491.1,500.8,487.25,488.25,488.5,491.85,61907,30620030.35,2446
2026-08-18,INE549H01021,ARSSBL,EQ,511.0,517.0,505.5,512.0,507.1,509.2,165394,84405756.5,4425
2026-08-18,INE463V01026,ANANDRATHI,EQ,2174.0,2199.0,2172.7,2194.8,2196.0,2176.0,132277,289667945.5,13601
2026-08-18,INE242C01024,ANANTRAJ,EQ,623.0,633.0,621.95,627.05,626.9,627.55,1119254,703148790.55,23068
2026-08-18,INE1UA823019,ANANTAM,IV,105.64,105.64,104.75,105.21,105.44,104.98,185893,19520410.12,131
2026-08-18,INE1J5V01013,ANAWIL,ST,419.9,444.6,407.0,444.15,435.0,423.45,273200,118619800.0,432
2026-08-18,INE0VG001016,AMCL,SM,386.0,386.0,386.0,386.0,386.0,379.9,800,308800.0,1
2026-08-18,INE666E01020,ACL,EQ,45.16,46.85,45.16,46.37,46.3,45.94,4303,198524.19,89
2026-08-18,INE435A01051,ANDHRAPAP,EQ,59.96,62.1,59.76,61.93,61.5,59.96,252494,15521060.31,1998
2026-08-18,INE715B01021,ANDHRSUGAR,EQ,102.59,103.96,99.52,100.46,100.17,101.98,730940,74508690.08,7389
2026-08-18,INE449C01025,ANDREWYU,EQ,27.28,27.28,25.35,25.98,25.86,26.23,36629,956712.52,450
2026-08-18,INE732I01021,ANGELONE,EQ,293.4,293.4,281.6,291.75,291.75,293.5,7260733,2090896575.5,55990
2026-08-18,INE087B01017,ANIKINDS,EQ,44.04,44.04,41.0,43.07,43.65,42.76,11453,487872.59,230
2026-08-18,INE071F01012,APCL,EQ,106.87,107.95,103.1,106.23,103.1,106.87,4528,480306.45,215
2026-08-18,INE106I01010,ANKITMETAL,BZ,1.53,1.57,1.5,1.51,1.51,1.53,32035,49343.67,46
2026-08-18,INE0Y8W01025,AHCL,EQ,14.5,14.72,14.35,14.63,14.53,14.51,1995227,29099869.45,3689
2026-08-18,INE0LR101013,ANLON,SM,676.35,676.35,669.9,669.9,669.9,676.35,2800,1890060.0,5
2026-08-18,INE02AR01019,ANMOL,EQ,10.02,10.24,10.01,10.17,10.24,10.02,24876,252225.33,150
2026-08-18,INE0MGM01017,ANNAPURNA,EQ,165.4,165.4,155.35,157.6,155.6,163.0,63430,10120262.1,1276
2026-08-18,INE0VTV01012,ANONDITA,SM,1082.0,1089.95,1064.05,1074.6,1074.0,1086.65,5400,5817640.0,25
2026-08-18,INE030C01015,ANSALBU,EQ,76.0,76.0,73.0,73.0,73.0,72.8,145,10695.64,8
2026-08-18,INE436A01026,ANSALAPI,BZ,3.34,3.45,3.33,3.39,3.33,3.39,34059,114988.16,54
2026-08-18,INE414B01021,ANTGRAPHIC,EQ,0.74,0.75,0.72,0.73,0.74,0.74,163088,119976.53,161
2026-08-18,INE818A01017,ANTELOPUS,EQ,813.9,866.85,802.5,856.55,862.5,800.9,386388,326320720.2,17089
2026-08-18,INE0CZ201020,ANTHEM,EQ,899.0,899.0,883.85,891.05,892.0,898.0,477452,425186702.05,22300
2026-08-18,INE01BK01022,AWHCL,EQ,385.9,388.85,377.0,378.4,378.0,385.9,97976,37123716.5,5154
2026-08-18,INE489G01022,ANUHPHR,EQ,75.72,76.83,75.5,75.8,76.0,75.72,39872,3028407.26,829
2026-08-18,INE930P01018,ANURAS,EQ,1197.5,1219.0,1196.0,1210.5,1215.0,1196.9,500190,603124489.4,6498
2026-08-18,INE0MIZ23019,ANZEN,IV,130.0,132.9,130.0,132.9,132.9,132.4,150000,19807500.0,6
2026-08-18,INF1J2R01114,AONEGOLD,EQ,14.25,14.3,14.22,14.28,14.28,14.25,172094,2456531.1,1138
2026-08-18,INF1J2R01056,AONELIQUID,EQ,1073.07,1073.07,1073.05,1073.05,1073.05,1072.91,10870,11664184.71,103
2026-08-18,INF1J2R01064,AONENIFTY,EQ,10.18,10.18,10.0,10.01,10.02,10.05,154170,1544548.57,1103
2026-08-18,INF1J2R01171,AONESILVER,EQ,9.15,9.15,8.84,8.85,8.85,8.93,424906,3767623.99,1204
2026-08-18,INF1J2R01148,AONETMMQ50,EQ,10.49,10.49,10.38,10.43,10.42,10.44,39185,408397.23,221
2026-08-18,INF1J2R01015,AONETOTAL,EQ,12.04,12.15,11.8,12.0,12.02,12.04,113322,1361473.72,1093
2026-08-18,INE372A01015,APARINDS,EQ,16650.0,17295.0,16199.0,17214.0,17250.0,16524.0,338500,5697248316.0,73303
2026-08-18,INE116A01032,APCOTEXIND,EQ,605.45,634.5,605.45,632.55,633.75,605.45,404224,251976379.7,13928
2026-08-18,INE0T4V01015,APEXECO,ST,276.05,286.95,276.05,285.0,281.15,290.2,13600,3822720.0,11
2026-08-18,INE346W01013,APEX,EQ,424.0,427.8,395.4,398.5,399.0,422.55,944431,388194557.7,24059
2026-08-18,INE702C01027,APLAPOLLO,EQ,2082.0,2122.0,2075.1,2115.0,2115.0,2081.3,418384,880377394.0,22987
2026-08-18,INE0TLC07036,930APMD35,N0,107199.0,107199.0,106999.0,107000.0,107000.0,106999.0,9,963198.0,6
2026-08-18,INE437A01024,APOLLOHOSP,EQ,8825.5,8907.0,8786.5,8817.0,8817.0,8825.5,474997,4199784214.5,53645
2026-08-18,INE713T01028,APOLLO,EQ,387.5,390.5,384.0,387.85,389.0,387.05,2866177,1107449314.65,31736
2026-08-18,INE126J01016,APOLLOPIPE,EQ,545.3,560.0,544.95,551.3,555.0,545.3,368105,203483807.15,11026
2026-08-18,INE451F01024,APOLSINHOT,EQ,1201.0,1223.3,1153.5,1190.0,1185.0,1205.8,1071,1279132.0,110
2026-08-18,INE438A01022,APOLLOTYRE,EQ,435.5,438.95,434.25,436.0,435.55,436.7,236230,103193779.9,10063
2026-08-18,INE0LQG01010,APRAMEYA,SM,130.5,131.0,114.25,118.6,118.6,130.7,24000,2987450.0,42
2026-08-18,INE1OOJ01011,APSISAERO,ST,509.4,509.75,509.4,509.75,509.75,499.8,4800,2445960.0,4
2026-08-18,INE266F01018,APTECHT,BE,95.0,95.89,93.53,94.48,94.07,94.78,24960,2363003.24,335
2026-08-18,INE852O01025,APTUS,EQ,256.6,261.7,255.2,257.0,256.3,255.2,706252,182121388.55,45169
2026-08-18,INE416A01051,AQYLON,EQ,21.5,22.87,20.87,22.86,22.87,21.79,3402192,77020920.09,4356
2026-08-18,INE08NJ01024,ARABIAN,SM,86.0,86.0,86.0,86.0,86.0,86.55,2000,172000.0,1
2026-08-18,INE0YDV01010,ARCIIL,SM,38.2,38.2,38.2,38.2,38.2,38.2,1000,38200.0,1
2026-08-18,INE128X01021,ACI,EQ,517.35,517.35,508.55,512.9,514.95,515.35,82390,42238950.3,6748
2026-08-18,INE0CHO01012,ADL,EQ,69.0,73.0,68.99,69.07,69.0,68.65,365,25245.4,15
2026-08-18,INE877I01016,ARCHIDPLY,EQ,97.89,97.89,93.8,95.32,96.25,95.91,14039,1333586.87,219
2026-08-18,INE731A01020,ARCHIES,EQ,13.26,13.56,13.26,13.52,13.55,13.49,10691,143962.01,69
2026-08-18,INE372M01010,ARCL,EQ,236.4,236.4,224.58,233.75,233.75,236.4,667,154120.58,20
2026-08-18,INE0XNF01022,ARDEE,EQ,62.15,64.86,60.61,63.89,63.97,62.34,12405716,779323755.14,45705
2026-08-18,INE784R01023,ARFIN,EQ,83.0,83.45,82.0,82.5,82.4,83.69,982288,81429928.86,1858
2026-08-18,INE0L2Y01011,ARHAM,SM,183.0,187.0,180.0,185.05,187.0,185.85,78000,14325200.0,46
2026-08-18,INE298I01015,ARIES,EQ,429.3,450.0,421.0,442.7,447.4,434.65,173328,76397326.9,6420
2026-08-18,INE420B01036,ARIHANTCAP,EQ,73.47,74.8,73.1,73.77,73.41,73.47,104567,7693921.04,898
2026-08-18,INE413D01011,ARIHANT,EQ,1030.0,1046.8,975.2,1021.5,1029.9,1031.6,3544,3594430.7,550
2026-08-18,INE643K01018,ARIHANTSUP,EQ,259.05,259.2,248.3,251.45,255.5,257.6,7697,1957682.5,307
2026-08-18,INE0H9P01028,ARIS,EQ,136.0,136.5,134.32,135.97,135.6,136.25,390567,52986881.04,3602
2026-08-18,INE0QRL01017,ARKADE,EQ,130.94,131.97,129.24,130.02,129.84,129.99,191083,24867643.55,2003
2026-08-18,INE109C01017,ARMANFIN,EQ,1976.8,1978.0,1932.0,1936.8,1943.5,1962.9,33991,66151801.5,3467
2026-08-18,INE0TZX01019,ARMOUR,ST,18.45,18.45,18.45,18.45,18.45,18.5,4000,73800.0,2
2026-08-18,INE210C01013,AROGRANITE,EQ,24.75,24.95,24.21,24.68,24.9,24.57,3848,95038.35,61
2026-08-18,INE570D01018,ARROWGREEN,BE,730.25,730.25,730.25,730.25,730.25,768.65,8357,6102699.25,372
2026-08-18,INE968D01022,ARSHIYA,BZ,0.94,0.96,0.9,0.92,0.92,0.93,99163,91047.03,76
2026-08-18,INE738V01013,ARTNIRMAN,EQ,42.44,43.68,41.0,43.02,42.53,42.23,1154,49352.49,29
2026-08-18,INE757T01025,AEPL,EQ,14.8,15.41,14.63,14.9,15.15,14.93,20978,310909.38,169
2026-08-18,INE025R01021,ARTEMISMED,EQ,314.4,315.4,309.4,312.15,311.0,314.4,224408,70008105.95,5227
2026-08-18,INE0TTG01017,ARUNAYA,SM,14.5,14.85,14.5,14.85,14.85,14.55,4000,58700.0,2
2026-08-18,INE006Z01016,ARVEE,EQ,165.55,171.89,165.55,170.55,170.54,165.55,962,163823.9,53
2026-08-18,INE955V01021,ARVINDFASN,EQ,441.0,443.6,434.0,438.05,435.2,444.15,289683,127150780.15,23186
2026-08-18,INE034A01011,ARVIND,EQ,554.45,555.2,522.6,526.5,524.15,552.3,928757,495998714.25,32927
2026-08-18,INE0P4T01013,ARVINDPORT,SM,31.5,33.5,30.55,33.5,33.5,31.95,36000,1177500.0,14
2026-08-18,INE034S01021,ARVSMART,EQ,667.95,676.95,651.1,665.55,663.0,670.35,84696,56171598.8,4352
2026-08-18,INE032E01017,ARYAMAN,EQ,599.9,599.9,570.0,599.9,599.9,599.9,12,6899.8,3
2026-08-18,INE439A01020,ASAHIINDIA,EQ,938.0,970.85,934.85,962.8,962.7,931.2,736543,704669248.7,33109
2026-08-18,INE228I01012,ASAHISONG,BE,348.1,351.5,340.0,345.2,346.5,357.0,23392,8078233.45,331
2026-08-18,INE0LAA01017,ASHALOG,SM,61.05,61.05,60.5,60.5,60.5,61.25,11000,667050.0,5
2026-08-18,INE348A01023,ASHAPURMIN,EQ,615.8,616.4,594.0,596.3,597.3,612.2,344374,206996690.95,12860
2026-08-18,INE365D01021,ASHIANA,EQ,365.0,367.2,362.0,365.75,366.0,365.0,23957,8756349.15,810
2026-08-18,INE094B01013,ASHIKAG,BE,440.0,440.0,428.05,432.45,438.0,444.1,23028,10004423.1,226
2026-08-18,INE440A01010,ASHIMASYN,EQ,17.51,17.94,16.95,17.38,17.5,17.51,82670,1433850.08,333
2026-08-18,INE208A01029,ASHOKLEY,EQ,177.0,177.59,174.5,176.35,176.35,177.1,14208948,2504652375.12,56877
2026-08-18,INE442H01029,ASHOKA,EQ,113.0,113.0,111.5,111.83,111.7,113.27,355486,39884409.34,3668
2026-08-18,INE760Y01011,ASHOKAMET,EQ,13.63,13.7,13.37,13.4,13.37,13.77,10576,143205.6,106
2026-08-18,INE1A6Q01010,ASHWINI,SM,190.05,190.8,190.0,190.8,190.8,190.5,4000,760850.0,4
2026-08-18,INE276G01015,ASIANENE,EQ,426.9,465.1,419.8,463.05,460.4,425.25,3647876,1649903943.8,84007
2026-08-18,INE022I01019,ASIANTILES,EQ,47.97,47.97,45.5,45.81,45.6,47.97,9346225,433290223.02,15247
2026-08-18,INE926K01017,AHLEAST,EQ,140.95,144.0,139.05,139.54,139.05,140.95,1675,236780.55,59
2026-08-18,INE363A01022,ASIANHOTNR,EQ,296.95,303.5,296.3,302.0,297.05,300.0,5841,1752838.15,737
2026-08-18,INE915K01010,AHLWEST,BE,535.8,571.05,535.8,536.0,536.0,563.95,460,252028.8,19
2026-08-18,INE021A01026,ASIANPAINT,EQ,2663.1,2670.1,2610.1,2628.4,2628.4,2687.5,1017022,2683041988.3,54425
2026-08-18,INE194D01017,ASTAR,EQ,619.5,619.5,590.3,590.6,590.3,585.05,268,160158.4,152
2026-08-18,INE822B01017,ASIANTNE,EQ,9.5,9.69,9.11,9.46,9.11,9.73,3285,31151.96,48
2026-08-18,INE491J01022,ASKAUTOLTD,EQ,651.0,654.95,633.0,638.25,643.0,649.2,260634,167664188.05,12496
2026-08-18,INE991I01015,ASPINWALL,EQ,236.24,239.0,232.22,234.93,234.0,236.24,734,173148.73,44
2026-08-18,INE0S7801010,ASPIRE,SM,14.25,14.25,13.65,13.7,13.7,14.35,122000,1707700.0,11
2026-08-18,INE165G01010,ASSAMENT,EQ,807.5,807.5,807.5,807.5,807.5,850.0,7,5652.5,4
2026-08-18,INE073G01016,ASALCBR,EQ,731.5,731.5,719.0,721.9,720.0,733.25,24739,17934216.25,1708
2026-08-18,INE563J01010,ASTEC,EQ,580.8,606.05,564.3,585.55,586.4,580.8,61911,36645385.95,4237
2026-08-18,INE914M01019,ASTERDM,EQ,824.7,828.8,815.95,818.0,820.0,819.75,605701,496422355.7,26787
2026-08-18,INE386C01029,ASTRAMICRO,EQ,1707.0,1800.0,1706.5,1767.4,1782.0,1707.1,312448,547682149.2,18844
2026-08-18,INE006I01046,ASTRAL,EQ,1538.4,1545.0,1517.1,1520.0,1520.0,1538.3,176344,268902428.1,13612
2026-08-18,INE203A01020,ASTRAZEN,EQ,7640.5,7759.5,7595.0,7645.0,7621.0,7640.5,7588,58127099.5,2250
2026-08-18,INE646X01014,ASTRON,BZ,3.36,3.39,3.32,3.34,3.34,3.38,8350,28032.69,46
2026-08-18,INE0ALR01029,ATALREAL,EQ,36.1,36.33,31.42,33.93,34.0,35.85,20814653,719878838.87,22420
2026-08-18,INE09KD01013,ATAM,EQ,60.06,61.89,57.57,59.75,61.0,60.67,6078,362868.89,231
2026-08-18,INE0V0Q01019,ATCENERGY,ST,23.55,23.55,23.55,23.55,23.55,24.0,1200,28260.0,1
2026-08-18,INE0LEZ01016,ATHERENERG,EQ,1484.7,1504.0,1455.0,1465.8,1468.0,1485.2,2760706,4072524443.1,135850
2026-08-18,IN90NN701011,ATLPP,E1,8.5,8.51,8.0,8.48,8.48,8.67,10042,82777.42,34
2026-08-18,INE0Z4F01028,ATLANTAELE,EQ,1828.9,1849.8,1759.0,1774.4,1770.7,1788.2,224377,403920642.0,25746
2026-08-18,INE285H01022,ATLANTAA,EQ,39.51,40.7,37.71,38.68,38.99,39.64,49094,1906887.15,722
2026-08-18,INE446A01025,ATLASCYCLE,EQ,97.6,98.0,96.01,97.19,96.6,97.61,916,88618.88,68
2026-08-18,INE05DH01017,ATMASTCO,SM,151.0,151.0,141.0,145.55,145.95,147.0,16000,2310760.0,38
2026-08-18,INE951D01028,ATULAUTO,EQ,494.25,501.05,491.0,493.3,496.0,498.0,74007,36585766.8,2795
2026-08-18,INE100A01010,ATUL,EQ,6769.5,6770.5,6585.0,6608.5,6618.0,6721.0,23328,155065502.0,5899
2026-08-18,INE949L01017,AUBANK,EQ,1071.0,1079.6,1064.5,1075.7,1075.7,1072.2,450491,483795705.8,16787
2026-08-18,INE132H01018,AURIONPRO,EQ,726.4,727.6,711.0,712.55,712.0,722.75,136690,98036950.05,7255
2026-08-18,INE0NUL01018,AUROIMPEX,SM,25.05,25.1,25.05,25.1,25.1,26.1,3200,80240.0,2
2026-08-18,INE406A01037,AUROPHARMA,EQ,1631.0,1645.9,1626.3,1645.0,1645.0,1627.2,573961,940206513.1,32887
2026-08-18,INE898S01029,AURUM,EQ,230.08,230.09,222.8,226.64,228.0,229.12,77941,17577840.28,2083
2026-08-18,INE142K01011,AURUS,EQ,4.71,4.8,4.5,4.72,4.73,4.71,13470,63212.78,246
2026-08-18,INE218C01016,AUSOMENT,EQ,145.0,147.0,141.0,146.47,146.99,144.39,3851,561169.31,91
2026-08-18,INE759F01012,AUSTENG,EQ,122.87,126.75,110.0,114.3,114.3,122.87,776,91859.46,55
2026-08-18,INE0P0001010,APS,SM,237.5,238.0,228.0,233.75,235.0,237.5,30000,7004262.5,86
2026-08-18,INE206F01022,AIIL,EQ,552.5,561.0,550.0,553.25,551.5,551.5,107054,59310430.3,8055
2026-08-18,INE718H01014,AUTOIND,BE,88.7,88.7,88.7,88.7,88.7,93.36,33892,3006220.4,146
2026-08-18,INE451C01013,ACGL,EQ,1784.3,1814.9,1715.5,1755.0,1755.9,1766.7,628,1107957.4,140
2026-08-18,INE449A01011,AUTOAXLES,EQ,1784.0,1817.7,1758.2,1789.0,1776.5,1787.0,8851,15920619.1,1092
2026-08-18,INE900C01027,ASAL,EQ,505.95,514.5,496.95,499.55,498.0,505.95,15737,7917561.2,1073
2026-08-18,INE349W01017,AVADHSUGAR,EQ,738.0,740.05,701.55,711.3,708.2,725.25,287536,207995182.8,9747
2026-08-18,INE0LCL01028,AVALON,EQ,2059.4,2258.0,2055.9,2197.3,2235.0,2059.4,1136151,2431451445.2,81089
2026-08-18,INE1KU201016,AVANA,ST,137.55,137.55,137.2,137.4,137.2,144.0,10000,1374200.0,5
2026-08-18,INE758A01072,AVANCE,EQ,0.9,0.94,0.9,0.9,0.91,0.9,4124773,3786097.91,1181
2026-08-18,INE005B01027,AVANTEL,EQ,156.9,163.8,156.63,162.27,162.59,157.51,1319374,213103903.29,14311
2026-08-18,INE871C01038,AVANTIFEED,EQ,879.95,883.5,862.1,866.15,864.4,875.6,188859,164787183.75,11286
2026-08-18,INE617I01024,AVATAR,ST,239.0,248.7,239.0,248.7,248.7,237.0,14000,3367400.0,3
2026-08-18,INE192R01011,DMART,EQ,3989.6,4019.1,3946.7,3981.0,3981.0,3995.0,339330,1354220187.9,24428
2026-08-18,INE483S01020,CCAVENUE,EQ,15.19,15.21,15.04,15.08,15.06,15.21,6119978,92310667.07,10662
2026-08-18,INE680Z01018,AVG,BE,199.02,203.97,197.0,198.42,201.95,199.02,5239,1043784.92,96
2026-08-18,INE0TFB01017,AVIANSH,SM,105.5,106.0,105.0,106.0,106.0,105.0,4000,422000.0,4
2026-08-18,INE0V9I01017,AVIENCE,SM,238.0,244.55,238.0,238.0,238.0,237.0,10800,2589420.0,15
2026-08-18,INE855F01042,ASMS,BE,6.96,7.16,6.93,7.04,7.05,6.96,146100,1024068.14,283
2026-08-18,INE323B01024,AVONMORE,EQ,13.49,13.64,13.0,13.18,13.3,13.01,404631,5403798.93,900
2026-08-18,INE0R9401019,AVPINFRA,SM,59.0,59.95,57.85,58.5,59.0,60.3,35200,2068120.0,36
2026-08-18,INE652Z01025,AVROIND,EQ,8.7,8.99,8.41,8.8,8.93,8.5,443107,3879544.04,909
2026-08-18,INE488D01021,AVTNPL,EQ,87.0,92.45,87.0,87.45,88.0,88.1,1325259,119415509.95,13232
2026-08-18,INE108V01019,AWFIS,EQ,268.0,268.95,265.0,265.6,265.5,268.95,101104,26975266.3,3594
2026-08-18,INE699H01024,AWL,EQ,193.9,193.9,189.26,190.04,189.96,193.34,1028865,196747106.24,18445
2026-08-18,INE238A01034,AXISBANK,EQ,1223.9,1250.5,1223.4,1243.0,1243.0,1227.3,5064697,6282300461.7,75431
2026-08-18,INF846K01X63,BNKETFAXIS,EQ,593.4,593.48,590.21,592.79,592.79,596.67,439,260132.1,30
2026-08-18,INF846K016C7,CONSUMAXIS,EQ,124.49,124.49,123.54,123.8,123.8,124.73,879,109102.39,18
2026-08-18,INF846K01W80,GOLDAXIS,EQ,127.41,127.66,127.11,127.38,127.3,127.41,1061987,135313811.44,2665
2026-08-18,INF846K01Z12,HEALTHAXIS,EQ,167.93,168.46,167.31,167.34,167.91,167.93,4609,773072.61,69
2026-08-18,INF846K01Y96,ITAXIS,EQ,340.0,340.0,332.48,333.91,335.0,341.65,5403,1805609.11,160
2026-08-18,INF846K01W98,NIFTYAXIS,EQ,269.85,269.85,268.0,268.21,268.0,269.85,3456,927336.9,135
2026-08-18,INF846K010Q0,SENSEXAXIS,EQ,79.07,81.5,78.83,79.72,79.69,81.1,3511,282521.31,105
2026-08-18,INF846K011K1,SILVERAXIS,EQ,231.94,231.94,229.9,230.25,230.45,232.33,345855,79712692.68,5445
2026-08-18,INF846KA1119,VALUEAXIS,EQ,33.15,33.24,32.9,33.1,33.24,32.99,26765,882668.0,260
2026-08-18,INE555B01013,AXISCADES,EQ,1557.1,1630.0,1555.9,1607.1,1606.8,1553.4,235649,378432759.3,15842
2026-08-18,INE02EZ01022,AXITA,EQ,7.34,7.39,7.25,7.29,7.33,7.25,320267,2347445.05,818
2026-08-18,INE767C01012,AXTEL,EQ,413.15,419.95,410.0,415.3,415.85,418.0,899,371433.55,162
2026-08-18,INE501X01029,AYE,EQ,170.0,172.89,166.55,171.8,171.99,169.77,616285,104097768.97,6009
2026-08-18,INE193B01039,AYMSYNTEX,EQ,272.25,277.45,269.05,270.9,273.0,271.9,26598,7255474.8,1067
2026-08-18,INE02IJ01035,AZAD,EQ,2885.0,2889.0,2787.4,2858.9,2874.0,2899.9,773291,2199285638.5,44698
2026-08-18,INE566M01017,AZADIND,EQ,96.0,96.0,90.05,90.93,91.7,91.48,44603,4095080.78,580
2026-08-18,INE489D01011,BNALTD,BE,401.1,401.1,385.3,401.0,401.0,382.0,469,183500.4,8
2026-08-18,INE01EE01011,BBTCL,EQ,242.99,242.99,235.49,238.82,238.85,233.35,8402,2000895.88,300
2026-08-18,INE116D01028,BAGFILMS,EQ,4.52,4.52,4.4,4.43,4.48,4.46,71607,317582.33,160
2026-08-18,INE350H01032,BLKASHYAP,EQ,53.47,53.47,52.1,52.36,52.57,53.73,188183,9874182.69,1177
2026-08-18,INE01FR01028,STYLEBAAZA,EQ,402.65,402.65,400.0,402.65,402.65,383.5,4855079,1952276328.1,11026
2026-08-18,INE0QW501012,BABAFP,SM,22.5,22.5,21.6,22.1,22.1,22.2,8000,176320.0,5
2026-08-18,INE878I01022,BAFNAPH,BE,247.5,248.0,247.5,247.5,247.5,252.55,5177,1283015.0,59
2026-08-18,INE2OVN25015,BAGMANE,RR,108.2,108.2,106.15,106.65,106.77,107.45,321382,34271021.33,12078
2026-08-18,INE029Q01017,BAHETI,SM,794.0,794.9,780.0,780.0,780.0,789.0,25125,19842825.0,36
2026-08-18,INE020D01022,BAIDFIN,EQ,9.6,9.8,9.46,9.74,9.76,9.6,40417,389617.94,248
2026-08-18,INE917I01010,BAJAJ-AUTO,EQ,11700.0,11768.0,11581.0,11607.0,11607.0,11663.0,237816,2776294239.0,29772
2026-08-18,INE933K01021,BAJAJCON,EQ,480.0,495.0,476.2,484.05,483.4,481.4,690508,334214061.25,23999
2026-08-18,INE193E01025,BAJAJELEC,EQ,357.0,369.7,354.65,355.55,355.85,357.45,329572,118518400.6,10070
2026-08-18,INE296A01032,BAJFINANCE,EQ,1088.6,1100.0,1087.6,1094.3,1094.3,1089.3,3374018,3694043121.6,94399
2026-08-18,INE918I01026,BAJAJFINSV,EQ,1998.4,2018.8,1998.0,2011.2,2011.2,2005.0,413236,830685054.3,34985
2026-08-18,INE411U01027,BAJAJHCARE,EQ,325.65,325.65,320.95,322.25,323.0,323.05,59116,19097010.15,2089
2026-08-18,INE306A01021,BAJAJHIND,EQ,18.05,19.27,17.93,18.6,18.59,17.93,35179356,659492676.23,96830
2026-08-18,INE118A01012,BAJAJHLDNG,EQ,11379.0,11435.0,11211.0,11254.0,11254.0,11379.0,21569,243618549.0,4950
2026-08-18,INE377Y01014,BAJAJHFL,EQ,84.58,84.9,84.07,84.36,84.26,84.0,1890650,159657137.44,18337
2026-08-18,INE704G01024,BAJAJST,EQ,369.9,369.9,354.4,359.5,358.35,358.3,10924,3918597.7,769
2026-08-18,INE0KQN01018,BAJEL,EQ,186.0,187.19,182.9,183.22,183.0,185.87,95319,17578456.24,2287
2026-08-18,INE083D01012,BALPHARMA,EQ,85.0,85.95,84.96,85.29,85.5,85.0,7564,645385.41,367
2026-08-18,INE050E01027,BALAMINES,EQ,2137.5,2146.8,2084.8,2103.7,2104.0,2125.2,71077,150239987.9,9075
2026-08-18,INE794B01026,BALAJITELE,EQ,92.2,93.35,91.21,92.79,92.63,92.72,108093,9967215.2,1028
2026-08-18,INE618N01022,BALAXI,EQ,24.21,24.25,23.7,23.72,23.7,24.21,27297,654858.06,122
2026-08-18,INE787D01026,BALKRISIND,EQ,2400.0,2413.0,2372.0,2376.7,2384.8,2407.2,54929,131044891.2,9088
2026-08-18,INE875R01011,BALKRISHNA,EQ,17.31,18.0,17.27,17.56,17.56,17.45,14136,252520.36,45
2026-08-18,INE164A01016,BALMLAWRIE,EQ,174.5,176.4,174.0,174.72,174.6,174.59,81494,14268536.39,2110
2026-08-18,INE525F01025,BLIL,EQ,71.2,71.38,70.72,71.3,71.3,70.59,45096,3209411.48,779
2026-08-18,INE119A01028,BALRAMCHIN,EQ,657.7,669.4,650.5,653.25,654.65,655.75,1122218,739985612.1,34788
2026-08-18,INE011E01029,BALUFORGE,EQ,512.35,549.7,508.0,542.55,541.2,513.35,4047514,2176286223.35,76472
2026-08-18,INE655B01011,BANARBEADS,EQ,111.75,114.5,111.75,113.4,113.12,111.74,3899,442205.21,178
2026-08-18,INE213C01025,BANCOINDIA,EQ,611.95,633.8,611.95,628.55,628.85,611.15,219443,137299948.4,11898
2026-08-18,INE545U01014,BANDHANBNK,EQ,173.25,174.0,170.21,170.5,170.5,173.25,4548748,780240430.29,51999
2026-08-18,INF194KB1KJ7,GOLDBND,EQ,152.21,153.9,151.81,152.8,152.4,152.83,36440,5565997.48,218
2026-08-18,INF194KA1U07,IDFNIFTYET,EQ,272.0,273.9,266.0,267.14,266.0,271.61,1658,444585.77,96
2026-08-18,INF194KB1KI9,SILVERBND,EQ,237.15,237.15,232.0,232.51,232.0,234.8,12906,3002009.38,153
2026-08-18,INE863I01016,BANG,EQ,28.41,29.74,28.22,28.86,28.99,28.8,12588,361604.87,67
2026-08-18,INE028A01039,BANKBARODA,EQ,245.42,247.28,243.9,244.0,244.0,246.55,3521816,863344738.46,41775
2026-08-18,INE084A01016,BANKINDIA,EQ,143.0,144.42,142.1,142.1,142.1,143.75,2382166,340396801.0,23620
2026-08-18,INE457A01014,MAHABANK,EQ,81.1,82.13,80.21,80.49,80.41,81.1,8400426,680062057.44,37214
2026-08-18,INE862Y01015,BANKA,EQ,75.25,82.59,74.73,80.59,82.59,78.66,10584,844812.51,101
2026-08-18,INE186H01022,BASML,BE,24.4,25.57,24.15,25.12,24.77,24.38,65514,1637038.36,170
2026-08-18,INE459A01010,BANARISUG,EQ,3469.8,3565.0,3469.8,3543.9,3565.0,3469.8,1129,3970508.2,118
2026-08-18,INE0B9K01025,BANSALWIRE,EQ,326.75,326.75,317.65,321.0,321.5,323.75,83094,26630826.25,3819
2026-08-18,INE629D01020,BANSWRAS,EQ,116.4,118.0,114.34,116.01,115.65,115.47,20758,2410079.79,677
2026-08-18,INE139I01011,BVCL,EQ,40.5,40.88,40.1,40.34,40.2,40.53,15824,638869.7,107
2026-08-18,INE0QX401014,BARFLEX,SM,60.0,60.0,57.25,59.1,60.0,60.0,10000,589000.0,5
2026-08-18,INF251K01TL6,BBNPNBETF,EQ,58.07,58.07,57.65,57.78,57.78,58.07,537,30973.04,14
2026-08-18,INF251K01SU9,BBNPPGOLD,EQ,147.8,148.35,147.55,147.65,147.7,147.8,1334,197562.65,50
2026-08-18,INE373A01013,BASF,EQ,4049.3,4086.1,3968.9,3979.8,3991.6,4041.2,30791,123181926.1,6247
2026-08-18,INE0OCC01013,BASILIC,SM,165.0,187.85,165.0,183.1,181.0,171.45,49800,8940825.0,129
2026-08-18,INE176A01028,BATAINDIA,EQ,755.0,758.0,747.8,753.1,751.0,758.1,592566,446302878.2,15596
2026-08-18,INE177C01022,BATLIBOI,EQ,88.05,88.49,85.41,85.85,85.7,87.85,28615,2476750.89,1280
2026-08-18,INE0JFJ01011,BAWEJA,ST,24.5,25.0,23.3,23.3,23.3,24.5,24000,571760.0,21
2026-08-18,INE462A01022,BAYERCROP,EQ,4128.0,4128.0,4060.0,4105.7,4107.7,4099.2,22696,92895723.5,4607
2026-08-18,INE412G01024,BCLIND,EQ,36.38,37.25,36.11,36.27,36.12,36.36,569274,20836208.31,3449
2026-08-18,INE00SW01015,BCPL,EQ,74.5,74.5,69.0,70.79,70.95,73.35,19626,1379242.0,456
2026-08-18,INE639X01027,BEACON,SM,88.95,88.95,85.0,86.95,86.95,88.0,32000,2740400.0,32
2026-08-18,INE520H01022,BEARDSELL,EQ,24.41,25.98,24.4,24.6,24.65,24.87,16682,415142.78,172
2026-08-18,INE844K01012,BEDMUTHA,EQ,109.9,115.7,109.84,114.72,114.84,109.11,1711,194258.6,44
2026-08-18,INE213D01015,BEEKAY,EQ,433.95,433.95,422.05,424.05,424.1,431.15,1239,526830.0,46
2026-08-18,INE344T01014,BELLACASA,EQ,226.73,231.5,222.1,223.29,222.7,222.69,23494,5324614.07,1406
2026-08-18,INE894V01022,BELRISE,EQ,237.0,238.7,232.25,236.73,236.8,236.09,5153065,1211947921.77,54790
2026-08-18,INE0N7W01012,BLAL,EQ,170.91,171.48,169.1,170.71,171.48,169.43,13496,2297005.53,250
2026-08-18,INE258A01024,BEML,EQ,1904.0,1975.0,1895.3,1965.5,1961.1,1908.5,723941,1411900040.0,38082
2026-08-18,INE664D01019,BENARAS,EQ,10190.0,10300.0,10100.0,10205.0,10200.0,10178.0,50,510122.0,13
2026-08-18,INE083K01017,BENGALASM,EQ,6234.5,6333.5,6234.5,6246.0,6246.0,6234.5,91,569234.5,23
2026-08-18,INE463A01038,BERGEPAINT,EQ,549.0,549.6,537.3,541.2,537.65,549.35,243429,132368763.65,28067
2026-08-18,INE052T01021,BESTAGRO,EQ,19.0,19.08,18.1,18.47,18.59,18.88,657252,12242750.43,1996
2026-08-18,INE351Y01019,BETA,EQ,2435.0,2519.9,2326.2,2355.0,2380.8,2432.9,51810,124114547.9,7404
2026-08-18,INE0HQI01014,BEWLTD,SM,51.0,53.0,50.5,50.95,51.0,51.4,11000,564875.0,21
2026-08-18,INE878K01010,BFINVEST,EQ,462.8,466.95,455.7,460.7,458.15,464.3,21544,9915428.55,1344
2026-08-18,INE243D01012,BFUTILITIE,EQ,542.15,552.7,531.2,533.2,532.0,545.65,26107,14024548.25,1551
2026-08-18,INF0QA701CI0,BANK10BETF,EQ,20.97,20.99,20.75,20.79,20.95,20.97,898,18728.7,10
2026-08-18,INF0QA701714,BANKBETF,EQ,58.72,58.72,58.16,58.39,58.25,58.76,41255,2412165.88,173
2026-08-18,INF0QA701854,LIQUIDBETF,EQ,1095.04,1095.06,1095.04,1095.05,1095.06,1094.92,142007,155505047.8,182
2026-08-18,INF0QA701722,NIFTYBETF,EQ,250.75,250.75,249.0,249.58,249.0,250.75,778,194219.27,69
2026-08-18,INE661I01014,BGRENERGY,BE,251.2,255.0,239.9,244.15,243.0,251.2,43964,10733986.0,876
2026-08-18,INE0ZRC01017,BHADORA,ST,106.0,107.1,104.0,107.1,107.1,102.0,48000,5107500.0,32
2026-08-18,INE354C01027,BHAGERIA,BE,205.5,205.5,201.0,203.26,203.5,202.08,9489,1927127.15,136
2026-08-18,INE414D01027,BHAGCHEM,EQ,284.9,299.0,284.9,287.35,286.0,288.75,275498,79863742.05,3654
2026-08-18,INE458B01036,BHAGYANGR,EQ,388.0,401.6,376.05,401.05,401.6,382.5,553306,220071015.45,7149
2026-08-18,INE474E01029,BHANDARI,EQ,3.03,3.13,3.02,3.05,3.06,3.03,247615,758642.92,357
2026-08-18,INE922A01025,BEPL,EQ,123.0,124.48,121.2,122.17,121.6,122.89,586505,71818031.46,5871
2026-08-18,INE464A01036,BBL,EQ,2309.9,2360.0,2282.5,2339.8,2336.0,2298.5,29027,67295394.4,3804
2026-08-18,INE05XR01022,BHARATCOAL,EQ,33.49,33.79,33.11,33.24,33.23,33.33,3522388,117573384.43,11514
2026-08-18,INE171Z01026,BDL,EQ,1380.0,1401.5,1354.5,1393.0,1393.0,1380.0,2608024,3599508806.2,71638
2026-08-18,INE263A01024,BEL,EQ,412.7,416.35,410.95,412.0,412.0,412.45,9120934,3767827906.1,98469
2026-08-18,INE465A01025,BHARATFORG,EQ,2089.9,2098.9,2064.0,2098.9,2098.9,2093.0,771575,1609906533.6,19570
2026-08-18,INE561C01019,BHARATGEAR,BE,102.0,102.49,101.0,102.0,101.97,102.03,7269,738785.9,96
2026-08-18,INE365Y01019,BPLPHARMA,EQ,1553.9,1553.9,1201.1,1264.8,1252.0,1307.0,290,382034.5,69
2026-08-18,INE029A01011,BPCL,EQ,315.3,317.15,310.3,310.3,310.3,316.65,5279469,1660255307.8,39765
2026-08-18,INE838B01021,BHARATRAS,EQ,1307.0,1307.0,1252.1,1277.8,1275.2,1301.0,11204,14344148.2,1766
2026-08-18,INE727S01012,BRNL,EQ,17.96,17.96,17.29,17.33,17.35,17.45,19355,337045.68,367
2026-08-18,INE415D01024,BHARATSE,EQ,240.35,248.7,239.03,240.91,241.49,238.44,309618,75533687.84,8348
2026-08-18,INE316L01019,BHARATWIRE,EQ,192.9,194.79,186.4,189.26,189.0,192.92,129081,24437837.68,4474
2026-08-18,INE397D01024,BHARTIARTL,EQ,1956.7,1959.7,1923.2,1934.2,1934.2,1969.3,6710275,13046360028.2,242801
2026-08-18,INE343G01021,BHARTIHEXA,EQ,1634.0,1634.0,1595.0,1600.4,1596.0,1641.0,104526,168095172.1,13675
2026-08-18,INE828A01016,BIL,EQ,860.0,860.0,830.1,831.25,830.1,854.9,11046,9214418.7,306
2026-08-18,INE257A01026,BHEL,EQ,434.0,434.15,423.5,425.0,425.0,435.95,7418846,3176548240.3,67764
2026-08-18,INE274K01012,BTTL,BE,43.06,44.69,43.06,44.36,44.4,43.97,1614,70828.21,23
2026-08-18,INE412U01025,BIGBLOC,EQ,45.5,45.5,43.8,44.02,43.81,44.33,37465,1656532.54,530
2026-08-18,INE00E101023,BIKAJI,EQ,613.0,615.8,608.0,608.65,608.5,613.65,36824,22491279.2,4467
2026-08-18,INE0SQH01013,BIKEWO,ST,110.3,110.3,110.3,110.3,110.3,105.05,58000,6397400.0,25
2026-08-18,INE071A01013,BILVYAPAR,BE,4.1,4.28,4.1,4.1,4.1,4.09,2294,9601.84,23
2026-08-18,INE986A01012,BI,EQ,94.0,101.38,92.17,101.38,101.38,92.17,523283,52258117.02,3117
2026-08-18,INE0HOQ01053,GROWW,EQ,198.11,198.25,190.86,193.81,193.58,198.69,57106951,11052574417.15,179565
2026-08-18,INE469A01019,BIMETAL,EQ,613.5,640.0,613.0,632.85,638.8,620.0,108,67219.95,22
2026-08-18,INE1BKA01015,BMLL,SM,149.15,163.05,149.15,154.9,158.25,147.0,292000,45377150.0,106
2026-08-18,INE376G01013,BIOCON,EQ,413.5,421.6,412.2,417.5,417.5,412.0,2691030,1126747743.65,52525
2026-08-18,INE829A01014,BIOFILCHEM,EQ,31.73,32.3,31.55,31.64,31.99,31.73,1870,59325.87,54
2026-08-18,INE0XW001014,BIOPOL,SM,91.0,99.95,91.0,99.7,99.9,90.45,84000,8149500.0,49
2026-08-18,INE800A01015,BIRLACABLE,BE,278.0,293.09,267.05,293.09,293.09,279.14,162560,46501080.05,1795
2026-08-18,INE340A01012,BIRLACORPN,EQ,893.0,904.75,893.0,895.55,894.0,901.8,27219,24400742.8,3067
2026-08-18,INE372E01025,BIRLAPREC,EQ,37.67,37.67,35.92,36.49,36.68,35.91,10673,388704.92,92
2026-08-18,INE557A01011,BIRLANU,EQ,1550.0,1600.0,1540.0,1588.8,1582.0,1551.8,11753,18487731.7,1915
2026-08-18,INF209KC1134,ABGSEC,EQ,115.63,115.63,114.64,115.3,115.3,115.07,213,24571.4,11
2026-08-18,INF209KC1670,ABSL10BANK,EQ,168.73,169.75,168.48,169.23,169.75,169.69,1546,260928.94,23
2026-08-18,INF209KB17D5,ABSLBANETF,EQ,59.65,59.65,58.77,59.1,59.0,59.27,41503,2445937.22,236
2026-08-18,INF209KB18T9,ABSLLIQUID,EQ,1000.0,1000.01,999.99,999.99,1000.0,1000.0,1037,1036999.65,12
2026-08-18,INF209KC1662,ABSLMSCIN,EQ,29.7,29.87,29.7,29.76,29.76,29.89,858,25522.14,6
2026-08-18,INF209KB16D7,ABSLNN50ET,EQ,78.38,78.67,78.31,78.32,78.38,78.38,7571,594245.17,169
2026-08-18,INF209KB10E8,BSLSENETFG,EQ,78.41,78.41,77.6,78.06,78.29,78.38,12436,973456.41,63
2026-08-18,INF209KB10C2,HEALTHY,EQ,17.19,17.19,16.9,16.95,16.99,16.99,193066,3272016.52,915
2026-08-18,INF209KB14K7,MOMENTUM,EQ,31.57,31.59,31.42,31.47,31.52,31.57,18991,598012.51,160
2026-08-18,INF209KB15K4,NIFTYQLITY,EQ,21.86,21.86,21.6,21.68,21.71,21.86,22776,492823.87,219
2026-08-18,INF209KB19F6,SILVER,EQ,235.0,235.0,231.0,231.48,231.58,233.39,508908,117908475.39,5263
2026-08-18,INF209KB11D8,TECH,EQ,33.75,33.78,33.1,33.24,33.78,33.75,31996,1063877.97,377
2026-08-18,INF209KB19Z4,ABSLPSE,EQ,10.41,10.41,10.13,10.21,10.28,10.28,128769,1322093.55,333
2026-08-18,INE836A01035,BSOFT,EQ,310.85,311.2,304.5,305.55,305.95,310.8,565208,173253667.1,14652
2026-08-18,INE676A01027,BBOX,EQ,774.1,784.3,753.35,777.4,780.0,774.1,372305,285453921.2,15854
2026-08-18,INE761G01016,BLACKROSE,BE,106.9,109.49,103.0,108.9,108.0,105.13,13281,1410420.44,146
2026-08-18,INE0UIZ01018,BLACKBUCK,EQ,567.5,591.6,564.0,588.8,590.5,569.5,602531,351365614.85,27674
2026-08-18,INE791A01024,BLBLIMITED,EQ,16.0,16.4,15.81,16.12,16.34,16.03,102044,1635933.36,151
2026-08-18,INE416D01022,BLISSGVS,BE,519.0,546.5,501.25,546.5,546.5,520.5,957967,518041843.65,5034
2026-08-18,INE0NLT01010,BLSE,EQ,310.95,313.3,310.0,310.6,310.0,310.8,119023,37021451.35,2794
2026-08-18,INE153T01027,BLS,EQ,272.01,277.76,264.82,267.74,268.2,272.56,1545928,418930066.75,23712
2026-08-18,INE657B01025,BLUECHIP,EQ,1.87,1.87,1.87,1.87,1.87,1.84,3337,6240.19,18
2026-08-18,INE373T01047,BLUECLOUDS,EQ,21.98,23.55,21.5,22.85,23.0,21.83,4225295,96334274.57,7960
2026-08-18,INE472B01011,BLUECOAST,BE,24.0,24.99,22.82,23.19,24.5,24.0,4350,101816.7,37
2026-08-18,INE233B01017,BLUEDART,EQ,5100.0,5125.0,5070.0,5085.5,5080.0,5125.0,6205,31591141.5,1395
2026-08-18,INE0KBH01020,BLUEJET,EQ,589.95,612.95,589.15,607.25,605.2,593.2,1660898,1006818626.8,37077
2026-08-18,INE472A01039,BLUESTARCO,EQ,1520.5,1535.4,1490.0,1493.0,1493.0,1508.1,576843,866360944.9,27436
2026-08-18,INE0X3M01010,BLUEWATER,ST,409.75,409.75,388.9,389.15,388.9,409.35,17000,6701600.0,17
2026-08-18,INE304W01038,BLUESTONE,EQ,839.0,852.4,816.0,820.4,823.0,834.65,1645777,1368536278.95,39445
2026-08-18,INE0U4101014,BLUSPRING,EQ,109.0,112.0,107.26,111.21,111.85,109.0,328749,36004580.65,3177
2026-08-18,INE965W01036,BMWVENTLTD,EQ,57.5,58.34,57.0,57.25,57.26,57.62,47589,2724542.84,1235
2026-08-18,INE00HZ01011,BNAGROCHEM,EQ,235.3,239.0,221.15,231.7,222.1,232.75,14186,3277842.9,154
2026-08-18,INE00XL07015,975BNAL28,N0,10072.0,10072.0,10072.0,10072.0,10072.0,10128.01,9,90648.0,1
2026-08-18,INE338D01028,BODALCHEM,BE,69.96,69.96,67.06,68.8,69.3,69.41,317748,21619093.81,747
2026-08-18,INE0EEJ01023,BTML,EQ,8.95,9.05,8.89,8.93,8.9,8.95,1257251,11239154.31,267
2026-08-18,INE802W01023,BOHRAIND,EQ,13.6,15.41,13.6,14.99,15.35,14.01,21453,321779.95,94
2026-08-18,INE050A01025,BBTC,EQ,1465.0,1481.8,1465.0,1473.2,1466.7,1463.6,25932,38176815.8,4592
2026-08-18,INE032A01023,BOMDYEING,EQ,113.9,116.8,113.9,114.83,114.63,113.89,509320,58829871.07,4900
2026-08-18,INE0I3Y01014,BMETRICS,SM,34.25,34.25,34.25,34.25,34.25,36.7,800,27400.0,1
2026-08-18,INE032Z01020,BSHSL,EQ,86.5,89.99,86.5,87.95,87.9,88.65,3585,315073.21,103
2026-08-18,INE053F07538,810IRFC27,N2,1083.0,1084.68,1078.11,1081.39,1078.11,1082.0,338,365814.69,9
2026-08-18,INE906B07CB9,830NHAI27,N2,1083.9,1083.9,1083.0,1083.0,1083.0,1084.0,1661,1799043.0,7
2026-08-18,INE053F07660,840IRFC29,N8,1250.0,1250.0,1250.0,1250.0,1250.0,1095.11,1,1250.0,1
2026-08-18,INE053F07686,865IRFC29,,1104.05,1105.0,1103.0,1104.0,1104.0,1114.83,1132,1249074.0,10
2026-08-18,INE020B07HS2,871REC28,N9,1121.24,1121.3,1119.1,1120.08,1119.1,1121.24,1950,2184643.5,21
2026-08-18,INE053F07744,888IRFC29,NE,1118.0,1120.0,1118.0,1120.0,1120.0,1117.25,636,711320.0,9
2026-08-18,INE557F07124,888NHB29,N5,5650.0,5650.0,5650.0,5650.0,5650.0,5650.0,3,16950.0,1
2026-08-18,INE557F07132,901NHB34,N6,6400.0,6410.0,6399.0,6410.0,6410.0,6400.0,107,684994.0,6
2026-08-18,INE0B9A01018,BONLON,EQ,42.87,43.75,41.15,41.86,41.75,42.02,4314,182365.35,117
2026-08-18,INE16SF01016,BORANA,EQ,320.95,323.55,312.5,315.2,314.0,321.1,28381,8977182.7,984
2026-08-18,INE02PY01013,BOROLTD,EQ,242.02,252.32,239.7,250.34,250.94,244.81,116674,28947019.51,4177
2026-08-18,INE666D01022,BORORENEW,EQ,570.9,576.5,562.0,563.65,563.5,569.9,271615,153917389.7,6917
2026-08-18,INE02L001032,BOROSCI,EQ,132.34,134.09,130.0,130.46,130.95,132.69,36364,4791874.97,1210
2026-08-18,INE782A01015,BOSCH-HCIL,EQ,1695.0,1742.6,1683.1,1732.1,1732.0,1700.4,77451,133303564.9,6622
2026-08-18,INE323A01026,BOSCHLTD,EQ,47010.0,48940.0,46775.0,48730.0,48730.0,46970.0,93891,4528420125.0,31640
2026-08-18,INE0QNI01012,BOSS,SM,49.6,49.6,49.6,49.6,49.6,47.45,8000,396800.0,2
2026-08-18,INE110A01019,BPL,EQ,50.15,50.6,49.9,49.95,49.92,50.15,50252,2513907.08,449
2026-08-18,INE0R4Z01018,BRACEPORT,SM,75.0,75.0,66.5,66.75,67.0,75.0,25600,1773120.0,14
2026-08-18,INE320I01017,BRAHMINFRA,EQ,178.4,180.0,167.1,176.78,176.78,170.77,22379,3909137.04,171
2026-08-18,INE02RE01045,FIRSTCRY,EQ,208.42,214.35,203.82,204.65,204.55,208.41,1516049,314386941.82,22678
2026-08-18,INE977Y01011,BCONCEPTS,EQ,158.0,161.2,156.32,159.8,157.61,157.11,7503,1191822.1,511
2026-08-18,INE0XUD01014,BRANDMAN,SM,182.5,188.9,180.4,181.6,180.4,182.5,24000,4399320.0,23
2026-08-18,INE791I01019,BRIGADE,EQ,598.9,600.0,585.0,588.9,588.0,593.7,358457,211941715.6,13735
2026-08-18,INE03NU01014,BRIGHOTEL,EQ,61.5,61.8,60.35,60.71,60.4,61.07,70205,4293583.72,2465
2026-08-18,INE630D01010,BRIGHTBR,EQ,238.0,260.0,231.0,255.13,251.03,231.6,3986,1000203.44,191
2026-08-18,INE425B01027,BCG,EQ,9.67,9.72,9.18,9.29,9.32,9.67,6675094,62715649.67,7514
2026-08-18,INE216A01030,BRITANNIA,EQ,5543.5,5561.0,5490.0,5495.0,5495.0,5521.0,281420,1555179494.0,17692
2026-08-18,INE0FDU25010,BIRET,RR,346.0,346.95,341.0,341.86,341.3,344.52,263225,90416351.98,7368
2026-08-18,INE650L01011,BROOKS,BE,58.8,61.0,58.5,58.94,59.9,60.66,22575,1333169.61,134
2026-08-18,INE118H01025,BSE,EQ,3298.7,3315.4,3235.0,3308.0,3308.0,3332.0,5806922,19054467418.6,245847
2026-08-18,INE594B01012,BSL,EQ,123.72,124.33,121.7,122.85,123.72,123.72,836,102652.5,47
2026-08-18,INE295F01017,BUTTERFLY,EQ,648.4,658.8,648.4,656.4,658.45,655.9,8784,5742494.9,776
2026-08-18,INE0SZ301012,BULKCORP,SM,67.0,68.25,67.0,68.2,68.25,65.0,9600,651420.0,8
2026-08-18,INE817H01022,BURNPUR,BE,16.54,16.54,16.54,16.54,16.54,17.41,3596,59477.84,97
2026-08-18,INE084D01010,CGVAK,EQ,157.0,157.0,151.24,151.24,151.24,152.0,334,51294.2,15
2026-08-18,INE0SMX01019,CKKRETAIL,SM,145.0,145.0,145.0,145.0,145.0,145.0,1600,232000.0,2
2026-08-18,INE0QBU01012,CPS,SM,1060.0,1060.0,1060.0,1060.0,1060.0,1066.45,750,795000.0,2
2026-08-18,INE0BV301023,MAPMYINDIA,EQ,991.9,1019.0,985.2,1012.6,1010.7,991.7,188680,190220171.3,16590
2026-08-18,INE0U7V01015,C2C,SM,242.55,243.95,226.5,229.45,228.8,245.3,301950,69735060.0,1268
2026-08-18,INE11XY01018,CMLL,EQ,515.35,539.0,506.0,532.65,528.9,515.35,1043983,545301431.15,17578
2026-08-18,INE526B01014,CALSOFT,EQ,26.2,27.12,26.19,27.12,27.12,25.83,248678,6723779.71,537
2026-08-18,INE627H01017,CTE,EQ,42.8,42.8,42.8,42.8,42.8,40.77,12043,515440.4,47
2026-08-18,INE052I01032,CAMLINFINE,EQ,113.54,115.59,108.7,109.6,109.5,114.11,1256349,140712769.18,10984
2026-08-18,INE278Y01022,CAMPUS,EQ,217.93,219.91,216.2,216.63,216.75,217.92,502519,109271552.8,11621
2026-08-18,INE477A01020,CANFINHOME,EQ,814.35,825.0,810.05,824.15,824.7,814.35,151032,123836886.5,8825
2026-08-18,INE476A01022,CANBK,EQ,130.0,131.0,129.1,129.1,129.1,131.1,6622726,858656942.47,46065
2026-08-18,INE01TY01017,CANHLIFE,EQ,148.15,150.49,148.15,149.27,149.59,148.9,248175,37097534.52,8687
2026-08-18,INE218I01013,CRAMC,EQ,253.95,256.9,251.0,254.4,253.7,253.95,196677,49884298.0,6526
2026-08-18,INE0QG301017,CANARYS,SM,22.0,23.0,21.45,22.75,22.5,21.2,72000,1613200.0,17
2026-08-18,INE068L01024,CANTABIL,EQ,236.3,238.0,227.07,228.58,230.0,236.3,150920,34699431.15,4891
2026-08-18,INE264T01014,CAPACITE,EQ,210.99,212.39,208.1,209.11,209.25,211.89,178674,37497106.28,2432
2026-08-18,INE0ILV01024,CAPILLARY,EQ,524.4,527.5,509.3,513.45,515.0,525.55,122967,63553200.95,3733
2026-08-18,INE345H01024,CIFL,EQ,21.36,21.36,20.8,20.93,20.81,20.94,15869,330900.25,122
2026-08-18,INE0Z8Z23013,CAPINVIT,IV,77.5,77.5,76.1,76.64,76.66,76.95,397553,30493645.72,7589
2026-08-18,INE646H01017,CAPITALSFB,EQ,280.15,290.9,280.15,287.75,288.95,281.55,18772,5375842.0,834
2026-08-18,INE707C01018,CAPTRUST,BE,21.3,21.9,21.06,21.41,21.5,21.37,19632,418805.56,90
2026-08-18,INE475E01026,CAPLIPOINT,EQ,2540.0,2558.0,2506.1,2529.7,2530.0,2522.0,70633,179067979.7,11992
2026-08-18,INE180C01042,CGCL,EQ,225.78,229.78,224.28,225.54,224.28,226.24,2703979,612542724.05,26204
2026-08-18,INE536P01021,CPL,EQ,68.9,69.97,68.0,68.36,68.0,68.46,118794,8166352.28,593
2026-08-18,INE120A01034,CARBORUNIV,EQ,1122.7,1148.8,1118.9,1126.0,1130.3,1122.7,526641,595222332.9,17165
2026-08-18,INE752H01013,CARERATING,EQ,1707.0,1735.7,1695.0,1725.1,1719.0,1707.0,46633,80156014.4,6338
2026-08-18,INE0P6P01016,CPEDU,EQ,207.82,208.8,201.06,203.99,207.95,208.11,6510,1336659.68,191
2026-08-18,INE0V7W01012,CARRARO,EQ,513.0,518.75,499.05,512.8,515.0,513.45,132532,67262274.1,6341
2026-08-18,INE290S01011,CARTRADE,EQ,2787.0,2855.0,2780.1,2802.6,2805.0,2796.9,258422,727776403.2,29963
2026-08-18,INE482D01024,CARYSIL,EQ,1146.0,1189.8,1146.0,1181.1,1182.0,1155.8,84309,98958665.4,6982
2026-08-18,INE0WL201014,CUDML,ST,105.05,105.9,102.35,104.1,104.1,107.7,64000,6710350.0,23
2026-08-18,INE172A01027,CASTROLIND,EQ,186.71,187.9,186.1,186.85,186.55,187.55,1104007,206573777.01,29287
2026-08-18,INE421D01022,CCL,EQ,1134.0,1142.9,1130.1,1132.1,1136.0,1130.4,78918,89562759.0,9762
2026-08-18,INE157D07EM8,990CCSP27,N0,99828.84,99828.84,99828.84,99828.84,99828.84,99869.51,2,199657.68,1
2026-08-18,INE482A01020,CEATLTD,EQ,3608.5,3643.9,3600.0,3605.4,3609.3,3608.5,38041,137345231.3,5937
2026-08-18,INE11J101017,CEDAAR,ST,15.05,15.05,14.5,14.5,14.5,15.25,17000,248200.0,17
2026-08-18,INE0AG901020,CEIGALL,EQ,310.0,312.0,302.3,309.15,308.05,315.95,1111657,342332985.05,25370
2026-08-18,INE016Q01014,CEINSYS,EQ,786.5,791.95,780.0,784.3,782.7,782.65,23346,18325919.3,1782
2026-08-18,INE185H01016,CELEBRITY,EQ,6.99,6.99,6.64,6.77,6.84,6.8,10342,70360.93,91
2026-08-18,INE0O0001013,CELLPOINT,SM,16.05,16.05,16.0,16.0,16.0,17.05,4800,76980.0,4
2026-08-18,INE0OMO01025,CELLECOR,SM,31.5,33.2,30.75,32.55,33.0,31.5,441000,14241900.0,79
2026-08-18,INE0LMW01024,CELLO,EQ,371.45,371.45,362.0,362.6,362.1,369.6,236015,86105139.9,9250
2026-08-18,INE686A01026,CEMPRO,EQ,1340.0,1351.3,1305.9,1324.0,1319.0,1321.8,404401,537557870.6,23046
2026-08-18,INE483A01010,CENTRALBK,EQ,31.26,31.36,31.0,31.02,31.07,31.27,3762242,116996869.15,11288
2026-08-18,INE736A01011,CDSL,EQ,1356.8,1361.5,1336.0,1340.6,1340.6,1356.8,759440,1020612209.6,29252
2026-08-18,INE05HV01027,CMPDI,EQ,234.49,236.55,232.25,233.11,233.0,235.18,575383,134656648.18,10696
2026-08-18,INE660C01027,CENTRUM,EQ,24.48,25.25,23.98,24.2,24.25,24.3,366515,8975148.56,978
2026-08-18,INE320B01020,CENTUM,EQ,3381.0,3485.3,3313.8,3430.2,3442.5,3362.6,121628,416912392.3,21847
2026-08-18,INE485A01015,CENTENKA,EQ,578.5,585.6,573.3,576.55,579.75,572.6,32771,18946714.1,1843
2026-08-18,INE281A01026,CENTEXT,EQ,22.0,22.4,21.5,21.93,21.65,21.93,1011698,22262376.05,4527
2026-08-18,INE348B01021,CENTURYPLY,EQ,751.0,762.0,744.05,748.25,750.0,750.7,38782,29055305.25,4067
2026-08-18,INE739E01017,CERA,EQ,5775.0,5830.0,5717.5,5792.0,5830.0,5787.0,5308,30529148.5,1704
2026-08-18,INE345B01019,CEREBRAINT,BZ,2.63,2.63,2.51,2.58,2.53,2.58,54562,140278.24,109
2026-08-18,INE486A01021,CESC,EQ,170.22,171.75,167.9,167.98,168.0,170.22,2555495,431027351.35,20214
2026-08-18,INE067A01029,CGPOWER,EQ,898.8,900.0,889.0,894.2,894.2,898.8,1568655,1401840035.5,26764
2026-08-18,INE427F01016,CHALET,EQ,847.75,848.75,826.0,834.45,831.7,844.7,57779,48176033.5,6473
2026-08-18,INE419D01026,CLSEL,EQ,280.2,283.2,277.75,279.05,278.1,281.6,25275,7080781.0,809
2026-08-18,INE06PV01010,CMNL,SM,106.0,106.0,104.6,105.95,105.95,105.05,5250,553950.0,5
2026-08-18,INE085A01013,CHAMBLFERT,EQ,438.95,438.95,433.1,434.4,435.0,439.05,357355,155197880.95,18541
2026-08-18,INE0B2N01016,CHANDAN,SM,241.55,250.0,232.7,246.2,248.7,245.8,71200,17248520.0,83
2026-08-18,INE0PT101017,CHAVDA,SM,141.7,141.7,135.0,135.0,135.0,135.05,62000,8388800.0,40
2026-08-18,INE0TGX01019,CHEMBONDCH,BE,263.69,269.0,260.1,266.23,265.5,263.69,10494,2777057.22,210
2026-08-18,INE995D01025,CHEMBOND,EQ,171.0,176.97,167.05,172.69,173.76,172.41,3264,556550.55,82
2026-08-18,INE03YM01018,CHEMCON,BE,188.0,190.6,185.51,189.36,190.6,189.0,10193,1920109.33,152
2026-08-18,INE298W01016,CHEMCRUX,EQ,88.5,89.29,86.5,87.0,87.0,86.63,2039,177994.66,59
2026-08-18,INE783X01023,CHEMFAB,EQ,374.45,374.45,361.4,363.45,365.0,366.95,1371,497579.95,89
2026-08-18,INE488A01050,CHEMPLASTS,EQ,179.01,184.0,174.91,177.69,179.0,181.73,274157,48780417.12,3554
2026-08-18,INE178A01016,CHENNPETRO,EQ,1400.0,1454.5,1384.9,1404.0,1402.8,1382.4,3584947,5115570293.0,122361
2026-08-18,INE0U1T01012,CHETANA,SM,43.0,44.95,43.0,44.95,44.95,43.5,6400,279120.0,3
2026-08-18,INE974B01016,CHEVIOT,EQ,1170.0,1175.0,1160.0,1165.6,1162.0,1161.5,394,459935.3,113
2026-08-18,INE102B01014,CHOICEIN,EQ,803.2,809.5,802.0,803.6,804.0,803.8,260260,209776279.2,5243
2026-08-18,INF2KCX01012,CHOICEGOLD,EQ,152.08,152.95,150.26,151.59,151.51,152.08,4745,719528.7,122
2026-08-18,INE149A01033,CHOLAHLDNG,EQ,1570.0,1587.3,1557.0,1563.3,1560.0,1576.4,67053,105137662.1,8842
2026-08-18,INE121A01024,CHOLAFIN,EQ,1873.2,1889.7,1866.6,1868.0,1868.0,1884.7,523303,982431367.9,53795
2026-08-18,INE536H01010,CIEINDIA,EQ,408.1,412.0,406.2,409.7,411.65,411.3,249282,101902812.5,8175
2026-08-18,INE704H01022,CINELINE,EQ,88.95,89.1,85.35,87.07,87.89,88.49,11389,998254.55,182
2026-08-18,INE039B01026,CINEVISTA,EQ,14.57,14.86,14.01,14.36,14.65,14.8,21389,308861.62,168
2026-08-18,INE059A01026,CIPLA,EQ,1431.5,1437.6,1428.4,1431.1,1431.1,1431.5,589396,844684444.7,27511
2026-08-18,INE2Q7823014,CITIUSINVT,IV,113.05,115.0,112.2,114.0,115.0,113.88,111536,12661575.92,1697
2026-08-18,INE491A01021,CUB,EQ,215.0,223.0,214.85,222.18,222.19,215.2,3912107,864207203.66,105789
2026-08-18,INE201M01029,CLEDUCATE,BE,59.49,61.0,59.4,60.36,60.93,59.0,15824,951431.95,120
2026-08-18,INE0UQ601012,CLASSICEIL,SM,47.5,47.55,45.15,46.8,46.0,47.45,27200,1281680.0,16
2026-08-18,INE1QGM01024,CLAYCRAFT,SM,158.9,159.9,157.15,158.4,159.9,158.9,7800,1231530.0,9
2026-08-18,INE376C01038,CLCIND,BE,52.61,52.61,47.61,49.97,50.0,50.11,2862,144672.48,14
2026-08-18,INE647U01026,CLEANMAX,EQ,1239.9,1251.0,1229.0,1244.7,1241.2,1239.9,54458,67637264.4,5687
2026-08-18,INE227W01023,CLEAN,EQ,839.0,840.55,819.3,831.9,829.9,840.0,265290,220321218.7,15769
2026-08-18,INE00WV01027,CMRGREEN,EQ,218.33,220.0,211.59,211.99,212.25,214.92,971911,208148737.13,12443
2026-08-18,INE925R01014,CMSINFO,EQ,254.35,254.4,248.25,249.5,250.0,254.35,989324,247303940.45,26504
2026-08-18,INE522F01014,COALINDIA,EQ,408.95,412.7,406.75,406.9,406.9,408.45,7352659,3011259254.9,80134
2026-08-18,INE377E01024,COASTCORP,EQ,41.75,42.74,41.46,41.92,42.0,41.75,52949,2211235.81,532
2026-08-18,INE704P01025,COCHINSHIP,EQ,1460.9,1501.6,1457.0,1485.1,1485.1,1457.8,1360896,2025653732.2,41448
2026-08-18,INE335K01011,COFFEEDAY,BE,29.7,30.5,29.52,29.64,29.66,29.67,189733,5646709.16,612
2026-08-18,INE591G01025,COFORGE,EQ,1795.0,1795.0,1762.2,1773.0,1773.0,1806.0,1572547,2789482006.1,55776
2026-08-18,INE03QK01018,COHANCE,EQ,444.95,466.9,444.75,455.2,454.6,444.75,1507812,691325821.15,46008
2026-08-18,INE259A01022,COLPAL,EQ,1954.5,1958.9,1901.7,1903.0,1903.0,1964.0,721820,1382272851.5,40110
2026-08-18,INE819A01049,COMFINTE,EQ,6.4,6.68,6.31,6.38,6.4,6.53,114866,740218.43,341
2026-08-18,INE073V01015,COMSYN,EQ,280.0,284.0,277.15,279.8,280.21,281.69,48974,13765392.75,1705
2026-08-18,INE597Z01014,COMMITTED,SM,346.25,347.6,346.25,347.6,347.6,347.8,2400,832120.0,3
2026-08-18,INE823B01015,COMPEAU,EQ,400.0,400.0,336.0,355.05,355.0,351.1,2017,724963.75,43
2026-08-18,INE070C01037,COMPINFO,BZ,1.12,1.17,1.07,1.07,1.07,1.12,13851,14994.51,31
2026-08-18,INE453B01029,COMPUSOFT,EQ,13.29,13.3,13.11,13.22,13.26,13.29,6820,90104.89,82
2026-08-18,INE596I01020,CAMS,EQ,772.1,773.9,757.55,762.0,762.0,776.25,1270110,967028340.45,37537
2026-08-18,INE338H01029,CONCORDBIO,EQ,1532.5,1598.0,1524.0,1565.7,1573.0,1515.0,489172,766190011.0,35283
2026-08-18,INE037Z01029,CEWATER,EQ,273.5,281.5,270.3,274.75,273.8,275.0,212600,58801494.4,8470
2026-08-18,INE700F01024,CFEL,EQ,31.85,31.85,24.36,29.08,29.6,30.16,11548,333132.71,317
2026-08-18,INE552D01024,CONFIPET,EQ,72.7,73.25,69.0,69.9,70.0,72.55,1806579,128197259.82,11344
2026-08-18,INE0EAS01014,CONNPLEX,SM,206.0,212.0,206.0,210.6,211.8,209.0,23200,4845520.0,28
2026-08-18,INE429I01024,CCCL,EQ,15.66,15.66,15.37,15.52,15.63,15.59,169800,2631103.19,470
2026-08-18,INE025A01027,CONSOFINVT,BE,271.95,277.95,271.95,272.0,272.0,271.95,1158,315629.0,25
2026-08-18,INE111A01025,CONCOR,EQ,524.5,524.85,517.55,518.25,518.25,524.5,419489,218366491.3,16474
2026-08-18,INE340Z01019,CONTI,SM,11.05,11.05,11.05,11.05,11.05,11.6,6666,73659.3,2
2026-08-18,INE663B01015,CONTROLPR,EQ,569.3,579.65,566.6,575.3,574.5,569.7,14060,8065618.75,1339
2026-08-18,INE0HS001028,COOLCAPS,ST,20.4,20.65,19.5,20.2,20.65,19.75,40000,801250.0,23
2026-08-18,INE558D01021,CORALFINAC,EQ,35.45,35.5,33.31,34.69,35.5,34.28,290273,10110404.29,1724
2026-08-18,INE792I01017,CORDSCABLE,BE,213.9,224.75,213.9,224.75,224.75,214.05,30808,6844025.12,317
2026-08-18,INE169A01031,COROMANDEL,EQ,2100.0,2104.8,2051.2,2062.7,2060.0,2097.9,58848,121928781.7,8906
2026-08-18,INE02ZQ01018,CORONA,EQ,2129.0,2150.0,2105.7,2119.4,2112.2,2113.1,16600,35225338.4,3965
2026-08-18,INE757A01017,COSMOFIRST,EQ,962.2,981.0,957.0,961.2,965.0,964.85,94828,91877835.65,5504
2026-08-18,INE652F01027,CCHHL,EQ,12.9,12.9,12.18,12.33,12.3,12.55,4200,51920.53,72
2026-08-18,INE695B01025,COUNCODOS,BE,6.85,6.94,6.7,6.88,6.93,6.72,169709,1166639.8,307
2026-08-18,INE521J01018,CPCAP,EQ,130.71,130.71,125.5,126.94,126.42,130.32,16150,2058888.07,289
2026-08-18,INF457M01133,CPSEETF,EQ,94.0,94.3,93.7,93.99,94.09,93.76,969195,91088810.74,5240
2026-08-18,INE00LO01017,CRAFTSMAN,EQ,10548.5,10960.0,10490.5,10890.5,10900.0,10480.0,58181,628919993.5,18174
2026-08-18,INE145E01017,CRAVATEX,EQ,347.9,347.9,346.8,347.9,347.9,350.0,59,20466.6,21
2026-08-18,INE0OFK01019,CRAYONS,SM,26.9,26.9,26.9,26.9,26.9,25.65,3000,80700.0,3
2026-08-18,INE230B01021,CREATIVEYE,EQ,6.32,6.33,6.12,6.19,6.19,6.21,469,2901.6,43
2026-08-18,INE0R7401011,CGRAPHICS,SM,144.0,144.0,140.1,141.4,140.1,144.0,24800,3505400.0,26
2026-08-18,INE985W01018,CNL,EQ,1252.0,1275.0,1241.0,1264.15,1255.5,1252.1,41736,52579665.25,3763
2026-08-18,INE741K01010,CREDITACC,EQ,1543.3,1545.0,1513.9,1524.6,1524.0,1538.6,89923,137105433.5,12141
2026-08-18,INE220Q01020,MUFTI,EQ,77.0,78.59,76.97,78.28,78.45,77.21,46696,3634150.26,1100
2026-08-18,INE716D01033,CRSL,EQ,2.14,2.19,2.01,2.15,2.16,2.11,408564,877870.98,577
2026-08-18,INE559D01011,CREST,EQ,354.95,364.0,349.3,352.05,356.95,355.3,3891,1380834.5,156
2026-08-18,INE007A01025,CRISIL,EQ,4500.0,4500.0,4401.2,4442.5,4444.0,4488.3,37708,167227006.4,6347
2026-08-18,INE0S4R01014,CRIZAC,EQ,176.99,177.0,174.0,174.58,175.0,176.19,189453,33149296.51,3760
2026-08-18,INE299U01018,CROMPTON,EQ,245.3,245.75,242.95,244.8,244.8,246.5,1305455,318569170.6,15792
2026-08-18,INE00NH01017,CLSL,ST,74.35,76.75,74.35,75.65,76.75,73.15,28000,2108400.0,14
2026-08-18,INE491V01019,CROWN,EQ,107.9,110.0,107.52,107.63,108.89,107.04,9445,1025710.94,157
2026-08-18,INE679A01013,CSBBANK,EQ,313.0,320.2,312.95,317.45,317.1,319.95,340793,108143687.85,9252
2026-08-18,INE718F01018,CSLFINANCE,EQ,222.93,222.93,221.0,221.0,221.0,219.55,35048,7749621.85,341
2026-08-18,INE0ZK601013,CSM,EQ,100.88,100.89,99.66,100.19,99.95,100.37,75667,7575100.92,1295
2026-08-18,INE0NR623014,CUBEINVIT,IV,162.26,162.26,159.5,159.99,159.99,160.99,975592,156221996.99,7141
2026-08-18,INE144D01012,CUBEXTUB,EQ,82.23,83.58,79.81,80.54,80.89,83.22,59744,4868754.38,1110
2026-08-18,INE298A01020,CUMMINSIND,EQ,5478.5,5484.0,5350.0,5350.0,5350.0,5450.0,177068,958458163.5,23003
2026-08-18,INE509F01029,CUPID,EQ,273.0,285.7,257.21,284.03,282.99,267.32,68917290,18768602294.72,635844
2026-08-18,INE117B01020,CURAA,EQ,70.8,72.0,69.5,69.74,72.0,71.0,282,19812.35,16
2026-08-18,INE1BZN01016,CURIS,SM,110.3,110.3,110.2,110.2,110.2,111.5,3000,330700.0,3
2026-08-18,INE1CRQ01014,CURRENT,SM,100.0,100.0,98.0,98.0,98.0,101.05,3200,316800.0,2
2026-08-18,INE278G01037,CYBERMEDIA,EQ,16.89,16.89,16.16,16.23,16.2,16.62,34703,565671.43,89
2026-08-18,INE075Z01011,CMRSL,SM,69.5,69.85,69.5,69.85,69.85,66.55,8800,614280.0,11
2026-08-18,INE214A01019,CYBERTECH,BE,135.0,135.99,133.05,133.92,133.05,133.64,8492,1143503.33,128
2026-08-18,INE055S01018,CYIENTDLM,EQ,736.2,764.8,733.4,736.1,739.0,737.45,937835,700047559.15,38454
2026-08-18,INE136B01020,CYIENT,EQ,861.4,869.55,850.1,858.55,857.95,868.0,1226576,1050308830.65,22760
2026-08-18,INE0GN101014,DKEGL,SM,69.95,69.95,69.95,69.95,69.95,66.0,1500,104925.0,1
2026-08-18,INE864X01013,DPWIRES,BE,164.29,164.29,160.0,161.04,161.0,162.66,3727,600476.58,97
2026-08-18,INE250K01012,DLINKINDIA,EQ,421.05,422.0,413.1,418.85,419.9,418.7,72487,30153944.6,2925
2026-08-18,INE266Y01019,DPABHUSHAN,EQ,1385.6,1470.2,1385.6,1457.2,1451.1,1403.8,30351,43818506.4,2117
2026-08-18,INE950I01011,DBCORP,EQ,212.98,212.98,209.37,209.85,209.5,212.13,53733,11323079.47,2529
2026-08-18,INE016A01026,DABUR,EQ,406.8,406.8,402.1,403.5,403.5,406.8,1853755,748520387.2,20801
2026-08-18,INE928C01010,DAICHI,EQ,337.95,337.95,317.05,323.95,323.0,329.9,13853,4498840.0,185
2026-08-18,INE00R701025,DALBHARAT,EQ,1850.0,1858.4,1831.6,1837.1,1837.1,1844.0,246659,454727855.1,18198
2026-08-18,INE495A01022,DALMIASUG,EQ,458.9,467.7,445.0,452.7,454.0,459.6,587471,269551086.35,14029
2026-08-18,INE284H01025,DAMCAPITAL,EQ,145.8,148.0,145.11,147.05,146.8,146.39,255482,37464457.48,5237
2026-08-18,INE497D01022,DAMODARIND,BE,27.58,27.6,27.21,27.6,27.6,27.58,1909,52659.29,9
2026-08-18,INE688Y01022,DANGEE,EQ,2.95,3.02,2.9,2.9,2.9,2.94,92626,269423.85,128
2026-08-18,INE0YU901016,DANISH,SM,795.0,808.95,786.0,791.15,790.0,788.8,20850,16530510.0,116
2026-08-18,INE0IX101010,DATAPATTNS,EQ,4530.0,4750.0,4525.0,4737.2,4740.0,4528.7,1385637,6468099813.3,104145
2026-08-18,INE365B01017,DATAMATICS,EQ,852.35,852.35,827.75,833.95,833.85,852.35,68621,57280090.7,5183
2026-08-18,INE179G01029,DAVANGERE,EQ,3.29,3.29,3.16,3.19,3.21,3.2,3198031,10257941.67,1704
2026-08-18,INE921B01025,DBSTOCKBRO,BE,32.0,33.49,31.51,32.52,32.1,32.51,5294,169896.72,33
2026-08-18,INE0A1101019,DCI,EQ,380.0,382.7,365.1,373.0,374.0,382.35,20081,7450681.55,1324
2026-08-18,INE503A01015,DCBBANK,EQ,182.8,183.64,180.5,183.08,182.5,184.09,695982,126807562.75,14554
2026-08-18,INE04Q907181,1275DCCL28,N0,9975.0,9975.0,9975.0,9975.0,9975.0,9974.67,1,9975.0,1
2026-08-18,INE0S8401018,DCG,SM,51.3,55.6,51.3,54.5,54.5,53.05,30000,1625520.0,25
2026-08-18,INE891B01012,DCMFINSERV,EQ,5.55,5.79,5.4,5.62,5.67,5.55,7835,43823.66,302
2026-08-18,INE498A01018,DCM,BE,81.08,84.2,80.44,82.5,82.5,82.08,5432,449187.2,46
2026-08-18,INE08KP01019,DCMNVL,EQ,174.31,180.71,173.33,178.29,178.8,173.83,40956,7337273.8,578
2026-08-18,INE0OFM01015,DSFCL,BE,26.01,26.01,26.01,26.01,26.01,25.5,8756,227743.56,21
2026-08-18,INE843D01027,DCMSRIND,EQ,46.0,47.8,45.9,46.94,46.99,45.73,467380,21901293.87,4031
2026-08-18,INE0OU201013,DCMSIL,EQ,74.0,75.49,67.16,68.94,68.4,74.26,208275,14680927.16,1519
2026-08-18,INE499A01024,DCMSHRIRAM,EQ,1039.9,1049.8,1013.2,1026.4,1022.0,1018.4,173224,178294195.0,14539
2026-08-18,INE500A01029,DCW,EQ,44.26,44.89,43.54,43.69,43.63,44.26,1204783,53112112.9,5194
2026-08-18,INE0KL801015,DCXINDIA,EQ,175.87,183.15,175.11,179.12,178.85,173.32,1199771,215171262.56,17587
2026-08-18,INE0HR601026,DDEVPLSTIK,EQ,270.0,274.3,268.55,272.75,273.0,269.3,105618,28651797.7,2674
2026-08-18,INE0JWV01011,DENEERS,SM,175.05,179.8,168.65,172.3,172.3,180.5,13800,2380980.0,23
2026-08-18,INE244A01016,DENORA,EQ,826.4,858.8,824.3,851.05,843.9,830.55,2284,1921638.15,348
2026-08-18,INE583C01021,DECCANCE,EQ,548.0,552.0,541.05,545.55,541.65,544.0,2786,1519680.15,188
2026-08-18,INE945F01025,DECNGOLD,EQ,243.03,249.0,240.4,244.05,243.01,239.9,4205721,1029486046.51,38753
2026-08-18,INE0S7C01019,DECCANTRAN,SM,22.5,23.0,22.5,22.75,23.0,23.0,2400,54600.0,2
2026-08-18,INE841L01016,DEEDEV,EQ,642.05,669.25,641.0,657.25,659.9,650.55,149577,97881235.2,5589
2026-08-18,INE586O01011,DEEM,ST,40.0,40.45,38.7,40.45,40.45,40.7,6000,235550.0,6
2026-08-18,INE0FHS01024,DEEPINDS,EQ,683.45,720.0,677.9,717.95,715.5,680.7,721008,509047798.2,21586
2026-08-18,INE00IY01012,DEEP,EQ,37.9,37.9,34.5,36.96,35.4,36.01,10406,380741.35,67
2026-08-18,INE0OPA01027,DBEIL,BE,6.84,6.96,6.62,6.68,6.64,6.84,142759,962104.71,386
2026-08-18,INE501A01019,DEEPAKFERT,EQ,1504.8,1522.0,1466.2,1472.0,1473.3,1502.7,150625,224241491.0,12561
2026-08-18,INE288B01029,DEEPAKNTR,EQ,1780.0,1787.0,1753.5,1771.0,1770.0,1780.5,229368,407012191.2,18075
2026-08-18,INE0SK801018,DELAPLEX,SM,90.0,90.0,88.0,88.0,88.0,90.0,2400,213090.0,4
2026-08-18,INE148O01028,DELHIVERY,EQ,451.65,456.95,448.8,451.8,451.8,456.0,1460519,660121896.85,19674
2026-08-18,INE726L01027,DELPHIFX,BE,6.72,6.76,6.5,6.59,6.65,6.66,73094,481780.44,154
2026-08-18,INE0XRN01019,DELTIC,SM,33.3,33.5,33.15,33.3,33.3,34.5,7000,233350.0,7
2026-08-18,INE124G01033,DELTACORP,EQ,59.7,61.08,59.5,60.71,60.53,60.18,1074956,64693109.77,6474
2026-08-18,INE393A01011,DELTAMAGNT,EQ,59.0,59.48,57.0,57.5,58.22,59.08,3590,208199.61,144
2026-08-18,INE947J01015,DEN,EQ,27.9,27.9,27.31,27.41,27.37,27.78,171835,4721015.42,1208
2026-08-18,INE0R4L01018,DENTA,EQ,285.3,293.35,281.35,286.0,285.7,287.05,246172,70161408.1,7070
2026-08-18,INE0VOV01021,DEVX,EQ,33.9,33.9,33.0,33.31,33.22,32.88,31485,1049587.43,587
2026-08-18,INE060X01034,DEVIT,EQ,25.8,26.3,25.21,25.25,25.21,26.02,54428,1384859.38,549
2026-08-18,INE872J01023,DEVYANI,EQ,143.61,144.56,140.42,142.09,141.5,143.65,1844675,261988795.04,13752
2026-08-18,INE260R01016,DHABRIYA,EQ,509.0,586.9,499.2,558.05,560.1,504.35,122906,67750715.4,3792
2026-08-18,INE0I3401014,DBOL,EQ,122.0,133.5,120.0,121.99,123.9,121.08,1117878,141561380.53,15412
2026-08-18,INE041A01016,DHAMPURSUG,EQ,173.9,177.45,166.5,168.65,168.69,170.87,1604098,276070575.66,21703
2026-08-18,INE680A01011,DHANBANK,EQ,32.3,32.49,31.8,32.24,32.29,32.39,559449,17980686.15,2903
2026-08-18,INE0M3I01029,DHANSA,SM,21.55,21.55,21.3,21.3,21.3,20.85,6000,128700.0,3
2026-08-18,INE435G01025,DHANUKA,EQ,1011.6,1011.6,990.0,996.4,1003.9,997.0,20287,20237173.2,1797
2026-08-18,INE278R01034,DHARAN,BZ,0.16,0.17,0.15,0.16,0.16,0.16,12035589,1926712.99,1613
2026-08-18,INE0YRN01025,DHARIWAL,SM,18.55,18.75,18.15,18.15,18.15,19.1,81000,1484850.0,26
2026-08-18,INE00OQ01016,DHARMAJ,EQ,268.5,271.0,267.95,270.0,270.0,269.25,29791,8036693.95,1716
2026-08-18,INE715T01031,DHATRE,EQ,5.02,5.02,4.33,4.58,4.6,4.26,104322,474472.02,348
2026-08-18,INE01NH01023,DHOOTTRANS,EQ,1170.0,1305.75,1165.0,1305.75,1305.75,1187.05,9337722,11589527057.6,339993
2026-08-18,INE506Z01015,DHRUV,EQ,26.31,26.31,24.31,24.9,24.89,25.14,2892,72357.26,48
2026-08-18,INE320L01011,DHUNINV,EQ,1019.7,1022.45,957.5,976.95,968.35,1014.65,2115,2073512.05,257
2026-08-18,INE341R01014,DTIL,EQ,134.0,136.8,132.55,134.02,133.15,133.13,2551,344776.28,60
2026-08-18,INE477B01010,DVL,EQ,264.49,267.55,263.24,265.81,265.1,265.92,10527,2799052.9,410
2026-08-18,INE591D01014,DIAMINESQ,EQ,235.85,241.11,234.0,236.71,239.95,235.85,2943,695607.34,127
2026-08-18,INE989C01038,DIACABS,BE,361.0,372.7,353.1,367.95,371.05,359.9,1174622,427769919.8,13034
2026-08-18,INE303A01010,DICIND,EQ,594.8,595.95,582.05,584.35,583.2,591.95,2947,1730968.1,242
2026-08-18,INE184O01015,DIFFNKG,EQ,398.55,410.85,398.55,408.5,407.6,398.4,108267,44014278.7,4999
2026-08-18,INE03JI01017,DGCONTENT,EQ,24.33,24.49,23.73,24.34,24.14,24.33,5715,138613.41,53
2026-08-18,INE0PSC01024,DIGIDRIVE,EQ,17.1,18.0,17.05,17.8,17.9,17.52,16597,294693.99,129
2026-08-18,INE0QJ901011,DIGIKORE,SM,37.15,42.5,36.0,37.0,37.05,37.15,72000,2772420.0,146
2026-08-18,INE927C01020,DIGISPICE,EQ,16.98,17.42,16.08,16.77,16.78,16.62,91590,1546910.27,302
2026-08-18,INE0U4701011,DIGITIDE,EQ,96.99,98.62,94.6,98.08,97.85,96.49,254802,24636559.04,3351
2026-08-18,INE731U01028,DIGJAMLMTD,EQ,51.02,52.0,50.06,51.74,50.6,50.52,10235,527726.09,106
2026-08-18,INE016M01021,DNAMEDIA,EQ,2.68,2.68,2.51,2.55,2.6,2.69,93831,241513.64,163
2026-08-18,INE917M01012,DBL,EQ,419.35,422.95,416.55,421.2,421.3,419.6,69086,29090345.25,3277
2026-08-18,INE131C01011,DISAQ,EQ,11664.0,11954.0,11650.0,11696.0,11675.0,11641.0,761,8953737.0,463
2026-08-18,INE836F01026,DISHTV,EQ,2.81,2.84,2.76,2.82,2.81,2.81,884017,2476042.71,846
2026-08-18,INE385W01011,DCAL,EQ,175.25,180.63,168.01,169.14,168.3,175.83,551160,94953958.23,8993
2026-08-18,INE753U01022,DIVGIITTS,EQ,1284.0,1311.9,1245.1,1259.0,1259.0,1284.45,310830,398531364.65,18782
2026-08-18,INE361B01024,DIVISLAB,EQ,8510.0,8630.0,8504.0,8588.0,8588.0,8481.5,404163,3468373664.0,43159
2026-08-18,INE0NA501011,DIVINEHIRA,ST,109.7,111.0,107.1,111.0,111.0,110.9,30000,3243000.0,16
2026-08-18,INE0SCO01019,DPEL,SM,591.0,591.0,578.0,584.5,578.0,589.55,35000,20438700.0,64
2026-08-18,INE935N01020,DIXON,EQ,14100.0,14420.0,14066.0,14150.0,14150.0,14025.0,387416,5504901239.0,49842
2026-08-18,INE0B1K01014,DJML,EQ,103.55,106.67,103.55,105.46,104.35,107.44,166705,17560193.96,2174
2026-08-18,INE271C01023,DLF,EQ,672.0,682.5,658.25,665.75,665.75,671.0,6099954,4092865240.7,63488
2026-08-18,INE505A01010,DMCC,EQ,293.4,299.9,285.95,287.75,287.0,293.65,60692,17707850.8,1959
2026-08-18,INE021O01019,DODLA,EQ,1100.0,1105.9,1090.1,1094.7,1094.0,1099.5,27797,30477594.0,5017
2026-08-18,INE966A01022,DOLATALGO,EQ,71.19,71.59,70.62,71.14,71.02,71.18,66139,4701382.14,840
2026-08-18,INE325C01035,DOLLAR,EQ,268.9,270.7,264.05,268.55,268.0,268.35,82886,22139883.85,2112
2026-08-18,INE0JHH01011,DOLLEX,SM,32.45,32.45,31.6,32.0,32.35,32.05,16000,513600.0,4
2026-08-18,INE920A01037,DOLPHIN,EQ,575.0,639.0,560.7,619.4,620.0,576.85,553474,340550628.5,25822
2026-08-18,INE321T01012,DOMS,EQ,2215.0,2225.7,2207.3,2218.6,2219.9,2218.1,16908,37461977.2,2858
2026-08-18,INE668D01028,DONEAR,EQ,86.51,91.0,86.51,89.18,89.09,87.64,25660,2302735.47,512
2026-08-18,INE360C01024,DPSCLTD,BE,7.35,7.35,6.85,7.05,7.0,7.21,259892,1832598.72,684
2026-08-18,INE943P01029,AGARWALEYE,EQ,501.0,508.35,495.0,502.6,500.2,501.6,628634,315629770.7,25840
2026-08-18,INE934C01018,DRAGARWQ,EQ,5238.0,5400.0,5225.0,5321.0,5305.5,5294.0,612,3271755.0,211
2026-08-18,INE600L01024,LALPATHLAB,EQ,1885.0,1912.0,1874.0,1901.4,1894.0,1877.3,211640,401375975.3,23604
2026-08-18,INE089A01031,DRREDDY,EQ,1185.0,1189.3,1176.1,1178.8,1178.8,1192.0,805633,954044454.3,27255
2026-08-18,INE03RS01027,DRCSYSTEMS,EQ,13.3,13.3,12.71,13.0,13.0,13.07,25838,333282.95,230
2026-08-18,INE0JS101016,DREAMFOLKS,EQ,65.4,68.1,65.4,66.65,66.5,65.85,59119,3955538.64,1546
2026-08-18,INE506A01018,DREDGECORP,EQ,1150.3,1170.0,1148.9,1160.8,1156.0,1160.5,98365,114016855.4,6639
2026-08-18,INE0P7201019,DRONE,SM,38.65,39.35,38.3,38.9,39.0,37.6,16000,620900.0,30
2026-08-18,INE02CV01017,DRSDILIP,SM,108.0,108.0,108.0,108.0,108.0,109.9,800,86400.0,1
2026-08-18,INE891A01022,DSKULKARNI,BE,14.65,14.65,14.65,14.65,14.65,13.96,1777,26033.05,9
2026-08-18,INE055C01020,KEEPLEARN,EQ,1.86,2.07,1.86,2.01,2.0,1.92,192433,386113.66,244
2026-08-18,INF740KA1EU7,LIQUIDETF,EQ,1000.0,1000.01,999.99,1000.0,1000.0,1000.0,249333,249332982.82,236
2026-08-18,INF740KA1YH2,BANK10ADD,EQ,16.89,16.94,16.81,16.9,16.94,16.99,17562,296545.18,69
2026-08-18,INF740KA1RX3,BANKADD,EQ,59.05,59.05,58.63,58.69,58.63,59.26,10678,627143.1,108
2026-08-18,INF740KA1SW3,GOLDADD,EQ,148.65,148.92,148.23,148.59,148.68,148.65,413599,61442505.19,5786
2026-08-18,INF740KA1SX1,ITADD,EQ,32.77,33.0,32.01,32.23,32.24,32.77,76465,2465405.93,281
2026-08-18,INF740KA1QK2,EQUAL50ADD,EQ,347.0,347.0,345.58,346.12,346.56,347.99,160489,55544586.47,278
2026-08-18,INF740KA1CL0,NIFTYADD,EQ,256.58,256.67,255.0,255.42,255.55,256.83,3035,775635.13,114
2026-08-18,INF740KA1SY9,PSUBANKADD,EQ,88.09,88.36,87.25,87.37,87.29,88.37,41288,3618613.61,243
2026-08-18,INF740KA1TA7,PVTBANKADD,EQ,27.81,27.83,27.68,27.82,27.79,27.84,38770,1075932.76,109
2026-08-18,INF740KA1ZF3,MIDQ50ADD,EQ,25.61,25.61,25.43,25.56,25.6,25.65,88954,2266457.48,95
2026-08-18,INF740KA1SZ6,SENSEXADD,EQ,80.9,80.9,79.72,79.77,79.77,80.32,911,72770.67,21
2026-08-18,INF740KA1RE3,SILVERADD,EQ,225.65,229.4,223.0,223.5,223.75,225.65,124606,27863220.2,2375
2026-08-18,INF740KA1WU9,FLEXIADD,EQ,10.3,10.3,10.2,10.24,10.27,10.3,36130,369898.22,270
2026-08-18,INF740KA1ZA4,FMCGADD,EQ,49.54,49.54,48.04,48.14,48.19,48.57,33472,1611716.88,158
2026-08-18,INF740KA1ZG1,HEALTHADD,EQ,16.65,16.73,16.56,16.6,16.73,16.65,101615,1688064.1,85
2026-08-18,INF740KA1UM0,LIQUIDADD,EQ,1140.78,1140.79,1140.77,1140.77,1140.77,1140.64,365999,417524574.55,491
2026-08-18,INF740KA1ZH9,MIDBANKADD,EQ,17.3,17.37,17.25,17.35,17.35,17.34,728,12589.47,19
2026-08-18,INF740KA1WW5,MIDCAPADD,EQ,23.51,23.53,23.4,23.5,23.5,23.55,382163,8979550.37,55
2026-08-18,INF740KA1WV7,MSCIADD,EQ,29.83,29.91,29.77,29.82,29.89,30.03,989,29518.23,16
2026-08-18,INF740KA1VE5,NEXT30ADD,EQ,43.71,43.75,43.55,43.58,43.66,43.75,3677,160341.82,64
2026-08-18,INF740KA1XU7,NEXT50ADD,EQ,75.17,75.17,74.8,74.96,74.94,75.17,2341,175555.69,33
2026-08-18,INF740KA1WX3,SMALLADD,EQ,18.47,18.48,18.32,18.46,18.47,18.44,25113,463655.36,82
2026-08-18,INF740KA1UR9,TOP10ADD,EQ,87.85,87.98,87.55,87.77,87.92,88.37,145435,12757474.78,634
2026-08-18,INE0LZO01015,DUCOL,SM,103.5,104.75,103.5,103.55,103.55,103.0,3200,332280.0,4
2026-08-18,INE741L01018,DUCON,EQ,3.24,3.4,3.22,3.29,3.31,3.24,379325,1258772.05,470
2026-08-18,INE0HPK01020,DUGLOBAL,SM,24.0,24.0,23.5,23.5,23.5,24.0,7500,177500.0,3
2026-08-18,INE0OUW01013,DURLAX,SM,62.5,63.5,60.0,60.55,60.3,64.1,100000,6134800.0,49
2026-08-18,INE366A01041,DWARKESH,EQ,45.24,46.95,44.21,44.64,44.63,44.94,3757036,172112093.31,15973
2026-08-18,INE417B01040,DSSL,EQ,1184.4,1189.9,1135.0,1147.2,1150.0,1158.1,32102,36924121.2,2812
2026-08-18,INE221B01012,DYNAMATECH,EQ,11123.0,11950.0,11112.0,11770.0,11757.0,11123.0,33740,392192174.0,10061
2026-08-18,INE600Y01019,DYCL,EQ,464.0,468.3,450.0,452.9,452.05,465.35,396713,181729496.25,11583
2026-08-18,INE0DZ701010,DYNAMIC,ST,139.9,145.0,136.65,141.75,140.0,140.45,10500,1479700.0,14
2026-08-18,INE256H01015,DYNPRO,EQ,227.0,233.0,226.6,228.4,229.0,232.05,9360,2152358.65,346
2026-08-18,INE0KFF01017,EFACTOR,SM,222.0,222.0,200.0,202.65,203.0,199.35,11200,2298360.0,20
2026-08-18,INE1CEJ01017,E2ERAIL,SM,269.0,314.35,269.0,303.3,302.5,262.1,643200,192399760.0,562
2026-08-18,INE255Z01027,E2E,BE,672.0,686.95,656.0,664.55,668.0,686.15,890449,596318570.0,22586
2026-08-18,INE595R01023,EASTWEST,EQ,2.5,2.5,2.31,2.32,2.43,2.45,11822,28042.35,70
2026-08-18,INE962C01035,EASTSILK,BE,59.4,59.41,59.0,59.0,59.0,56.59,360,21339.05,9
2026-08-18,INE07O001026,EASEMYTRIP,EQ,6.21,6.29,6.12,6.16,6.16,6.13,10633745,65836485.73,7671
2026-08-18,INE432F01032,EBIX,EQ,17.06,17.06,16.03,17.06,17.06,16.25,229126,3861208.63,386
2026-08-18,INE528S07110,888ECL28,N1,990.11,994.85,990.0,990.46,990.01,994.55,154,152531.99,8
2026-08-18,INE528S07128,925ECL28,N2,1012.1,1012.1,1012.1,1012.1,1012.1,1021.03,6,6072.6,1
2026-08-18,INE738I01010,ECLERX,EQ,1850.1,1854.0,1773.9,1805.2,1811.0,1848.9,141785,255424482.0,17495
2026-08-18,INE316A01038,ECORECO,EQ,493.55,493.6,460.0,467.75,465.7,479.0,5959,2795144.05,546
2026-08-18,INE0VBS01016,ECOLINE,ST,181.05,183.9,180.0,182.0,182.0,184.05,10000,1814900.0,10
2026-08-18,INE06HJ01020,ECOSMOBLTY,BE,116.99,117.7,112.4,112.58,112.5,116.99,140992,16089856.66,1808
2026-08-18,INF754K01OB1,BBETF0432,EQ,1359.36,1359.36,1352.51,1353.63,1352.65,1358.46,314,425336.28,47
2026-08-18,INF754K01XH9,EBANK10,EQ,16.74,17.75,16.74,16.98,16.9,16.74,314,5260.69,7
2026-08-18,INF754K01TE4,EBANKNIFTY,EQ,58.31,58.31,57.76,58.06,58.06,58.11,1941,112157.57,26
2026-08-18,INF754K01KO2,EBBETF0430,EQ,1617.87,1617.88,1610.11,1612.87,1611.8,1611.52,45396,73137006.94,266
2026-08-18,INF754K01LE1,EBBETF0431,EQ,1443.19,1443.96,1441.1,1441.15,1441.15,1443.19,1346,1940584.52,51
2026-08-18,INF754K01QX0,EBBETF0433,EQ,1316.55,1318.0,1311.27,1317.35,1313.22,1316.39,3703,4871420.82,90
2026-08-18,INF754K01TX4,ECAPINSURE,EQ,23.89,23.89,23.65,23.85,23.85,23.89,83425,1982567.06,259
2026-08-18,INF754K01SE6,EGOLD,EQ,152.05,153.15,152.0,152.95,152.45,152.85,19939,3048035.0,535
2026-08-18,INF754K01VW2,ELIQUID,EQ,1044.07,1044.09,1044.07,1044.08,1044.08,1043.95,25752,26887379.53,18
2026-08-18,INF754K01VV4,ELM250,EQ,17.58,17.58,16.77,16.91,16.95,17.16,154976,2619446.19,598
2026-08-18,INF754K01XI7,ELMDIV,EQ,36.88,36.9,36.6,36.72,36.85,36.88,2132,78436.07,28
2026-08-18,INF754K01XG1,EMETAL,EQ,13.14,13.14,13.05,13.06,13.06,13.15,6848,89628.37,23
2026-08-18,INF754K01TF1,EMULTIMQ,EQ,42.39,42.39,42.02,42.15,42.15,42.24,27539,1161516.09,112
2026-08-18,INF754K01XF3,ENEXT50,EQ,74.5,74.55,74.13,74.5,74.5,74.37,1687,125137.26,16
2026-08-18,INF754K01VX0,ENIFTY,EQ,25.19,25.19,24.34,24.44,24.44,24.58,5189,126870.42,49
2026-08-18,INF754K01VY8,ESENSEX,EQ,77.9,80.65,77.9,79.4,79.41,78.66,544,42952.3,12
2026-08-18,INF754K01SF3,ESILVER,EQ,233.38,233.38,230.64,231.04,231.21,233.54,67057,15523715.12,4950
2026-08-18,INE532F01054,EDELWEISS,EQ,122.0,123.68,120.5,121.4,120.62,122.67,1545184,188783478.92,13685
2026-08-18,INE886D01026,EFCIL,EQ,174.0,187.75,171.42,184.64,184.21,174.1,513483,92275738.54,6720
2026-08-18,INE0U9101019,EFFWA,ST,344.9,347.0,344.9,346.0,347.0,345.75,11600,4003600.0,19
2026-08-18,INE066A01021,EICHERMOT,EQ,8040.0,8107.0,8016.5,8018.5,8018.5,8050.0,262500,2119026943.5,34278
2026-08-18,INE126A01031,EIDPARRY,EQ,794.45,795.0,772.2,780.6,783.0,792.05,697047,544955915.6,43985
2026-08-18,INE276C01014,EIHAHOTELS,EQ,294.45,296.75,289.45,293.5,295.4,292.2,18024,5269166.3,934
2026-08-18,INE230A01023,EIHOTEL,EQ,296.0,297.45,294.05,296.7,296.0,296.0,111718,33065789.6,4889
2026-08-18,INE158B01016,EIMCOELECO,EQ,2125.0,2197.9,2125.0,2153.7,2143.2,2189.1,41008,88746749.3,4674
2026-08-18,INE0CPR01018,EKI,EQ,80.84,80.88,79.01,79.58,79.98,80.84,5934,472368.68,286
2026-08-18,INE280B01018,ELANTAS,EQ,11893.0,11893.0,11460.0,11701.5,11750.0,11705.5,2723,31926627.5,1431
2026-08-18,INE927X01018,ELCIDIN,EQ,110895.0,110995.0,110000.0,110000.0,110000.0,110895.0,5,552810.0,5
2026-08-18,INE668G01021,ELDEHSG,EQ,768.0,822.0,745.0,817.5,803.2,765.35,11501,9231569.15,412
2026-08-18,INE205B01031,ELECON,EQ,440.5,444.75,431.65,433.95,435.0,438.25,309070,135619762.35,12116
2026-08-18,INE0Q1W01012,EFORCE,SM,21.55,21.55,21.0,21.0,21.0,21.0,2400,51060.0,2
2026-08-18,INE02YR01019,EMIL,EQ,191.0,195.4,190.25,191.35,191.6,192.42,2203251,423933605.95,29516
2026-08-18,INE086A01029,ELECTCAST,EQ,71.6,72.35,71.0,71.25,71.39,71.95,570745,40780256.18,7713
2026-08-18,INE822G01016,ELECTHERM,EQ,986.7,1059.0,959.9,1024.1,1027.2,974.8,82284,83909962.1,2950
2026-08-18,INE0R9101015,ELGNZ,SM,85.9,94.5,85.9,91.45,92.2,86.5,56000,5059900.0,30
2026-08-18,INE285A01027,ELGIEQUIP,EQ,622.0,628.0,612.0,614.2,613.0,624.2,609442,378164792.5,19189
2026-08-18,INE819L01012,ELGIRUBCO,EQ,58.6,59.88,57.15,57.87,57.95,59.11,43421,2537454.36,1093
2026-08-18,INE050401020,ELIN,EQ,101.53,103.5,100.78,101.41,102.5,102.28,189743,19404187.45,2175
2026-08-18,INE669R01026,ELITECON,EQ,16.73,17.25,16.73,17.13,17.25,16.73,649218,11027795.54,3087
2026-08-18,INE236E01022,ELLEN,EQ,329.0,336.9,322.0,324.75,325.0,328.3,309877,102103065.35,7032
2026-08-18,INE579B01039,ELPROINTL,EQ,179.75,179.75,175.1,175.58,175.5,175.32,13682,2401073.29,190
2026-08-18,INE0ZOL01023,EMAPARTNER,SM,79.1,79.1,78.6,78.6,78.6,79.1,3000,236800.0,3
2026-08-18,INE548C01032,EMAMILTD,EQ,403.5,404.25,397.5,400.1,398.5,404.5,360203,144293249.65,14185
2026-08-18,INE830C01026,EMAMIPAP,BE,115.0,119.59,114.0,114.99,116.0,113.91,58957,6836188.59,597
2026-08-18,INE778K01012,EMAMIREAL,EQ,74.01,76.19,73.0,73.47,73.5,74.89,7601,560083.09,69
2026-08-18,INE069I01010,EMBDL,EQ,62.5,64.2,62.5,63.04,62.72,63.11,1876178,118904829.68,9205
2026-08-18,INE041025011,EMBASSY,RR,440.29,441.25,438.5,440.0,440.2,440.29,1466185,645706521.08,12706
2026-08-18,INE168P01015,EMCURE,EQ,1879.0,1889.0,1861.1,1874.5,1877.5,1873.9,136782,256798867.1,14936
2026-08-18,INE0RHD01013,ETML,SM,82.0,82.35,82.0,82.35,82.35,82.35,15600,1283640.0,13
2026-08-18,INE296H01011,EMKAY,EQ,235.29,242.89,232.51,236.8,239.0,235.29,6354,1498399.33,444
2026-08-18,INE753K01015,EMMBI,BE,83.44,83.44,81.8,82.12,82.0,83.03,4014,330326.09,53
2026-08-18,INE1C6T01020,EMMVEE,EQ,319.25,325.0,316.4,317.7,318.7,320.75,1134683,363141967.9,21084
2026-08-18,INE515H01014,EMPIND,EQ,1107.0,1146.0,1107.0,1116.2,1115.3,1102.5,1035,1164347.9,140
2026-08-18,INE507F01023,EMPOWER,EQ,2.18,2.24,2.16,2.22,2.22,2.16,3515579,7789813.44,1972
2026-08-18,INE0OV601013,EMSLIMITED,EQ,369.1,380.6,365.95,375.75,375.0,369.1,196725,73643585.2,5763
2026-08-18,INE01QM01018,EMUDHRA,EQ,517.7,565.0,509.0,562.05,560.2,518.75,705436,383163850.45,22466
2026-08-18,INE433T01015,ENCOMPAS,SM,245.0,254.7,235.0,237.65,237.0,245.6,82000,19571980.0,68
2026-08-18,INE913H01037,ENDURANCE,EQ,2987.3,3036.3,2969.0,3018.3,3008.7,2978.2,130419,392474927.9,18268
2026-08-18,INE306C01019,ENERGYDEV,EQ,16.49,16.96,16.22,16.53,16.69,16.51,31018,508274.49,200
2026-08-18,INE0S1L01013,EMMIL,SM,122.0,128.0,120.8,126.45,124.8,127.65,7500,919450.0,17
2026-08-18,INE0S3X01014,ENFUSE,SM,177.0,177.0,161.5,161.5,161.5,159.7,1200,203100.0,2
2026-08-18,INE510A01028,ENGINERSIN,EQ,239.25,249.0,239.25,244.78,244.25,240.18,2435107,597492410.49,26314
2026-08-18,INE130L01014,ENKEIWHEL,EQ,410.0,410.0,400.0,408.9,409.5,400.85,2398,967255.8,49
2026-08-18,INE0R9I01021,ENSER,SM,14.75,15.9,14.75,15.25,15.25,14.35,70000,1064250.0,13
2026-08-18,INE010601016,ENTERO,EQ,1400.0,1433.4,1384.0,1408.2,1410.0,1401.6,113687,159986290.2,13241
2026-08-18,INE265F01028,ENIL,EQ,102.97,102.97,100.5,100.86,100.86,101.02,72965,7364787.03,650
2026-08-18,INE0LLY01014,EIEL,EQ,200.24,201.89,196.5,197.18,197.59,200.16,439150,86831408.01,7215
2026-08-18,INE0SUH01015,ENVIRO,SM,73.5,73.9,73.15,73.4,73.9,73.5,17000,1247900.0,13
2026-08-18,INE0G5901015,EPACK,EQ,211.0,212.75,208.26,209.57,210.87,210.7,267478,56318534.42,4491
2026-08-18,INE0MLS01022,EPACKPEB,EQ,222.0,225.3,218.3,223.85,224.0,221.55,532737,118205187.45,9441
2026-08-18,INE071N01016,EPIGRAL,EQ,1097.0,1103.7,1075.0,1079.6,1079.1,1097.1,38584,41773813.3,2357
2026-08-18,INE255A01020,EPL,EQ,242.95,246.53,242.6,245.15,246.0,242.99,823068,201815255.63,14312
2026-08-18,INE11HF01010,EEPL,SM,132.1,139.95,132.0,138.5,138.6,133.85,36000,4931000.0,33
2026-08-18,INE1KEC01023,EPWINDIA,ST,215.0,225.75,215.0,225.75,225.75,215.0,20400,4475100.0,10
2026-08-18,INE217G01035,EQUIPPP,BE,21.99,22.83,21.5,22.8,22.83,21.75,41194,934963.18,56
2026-08-18,INE063P01018,EQUITASBNK,EQ,74.5,76.4,74.26,76.12,76.0,74.92,3573116,269026271.41,20553
2026-08-18,INE406M01024,ERIS,EQ,1348.9,1357.0,1335.0,1350.1,1350.0,1348.9,125273,168948171.5,14556
2026-08-18,INE284A01012,ESABINDIA,EQ,6289.0,6323.5,6151.0,6177.5,6156.5,6289.0,2894,18026442.0,1206
2026-08-18,INE818W01011,ESAFSFB,BE,39.8,40.55,38.06,40.41,40.5,39.26,1072722,42432524.78,2689
2026-08-18,INE0RQZ01017,ESCONET,SM,188.0,188.0,172.8,177.95,177.5,192.0,243600,42928640.0,470
2026-08-18,INE042A01014,ESCORTS,EQ,3149.3,3149.3,3052.0,3062.1,3070.0,3133.6,51759,159561171.7,7545
2026-08-18,INE818W08149,113ESFB31,N0,102000.0,102000.0,100002.0,100002.0,100002.0,100000.0,3,302004.0,2
2026-08-18,INE0SBP01018,ESPRIT,SM,66.0,66.9,64.25,66.2,66.75,67.0,40000,2636720.0,23
2026-08-18,INE122M01019,ESSARSHPNG,EQ,16.29,16.38,15.86,15.96,15.97,15.99,283821,4549198.19,1236
2026-08-18,INE0ITO01014,ESFL,SM,133.15,133.15,129.0,130.6,132.75,133.8,12960,1700838.0,32
2026-08-18,INE778B01029,ESTER,EQ,99.42,100.62,96.6,97.55,96.8,98.96,105357,10369527.79,1948
2026-08-18,INE758T01015,ETERNAL,EQ,318.0,321.2,315.55,315.9,315.9,318.0,18387007,5845756829.4,128657
2026-08-18,INE04TZ01018,ETHOSLTD,EQ,2956.5,3062.7,2850.1,2892.2,2870.0,2788.6,961244,2810280268.1,84966
2026-08-18,INE0KCE01017,EUREKAFORB,EQ,432.05,436.15,429.2,431.95,431.7,432.0,149714,64688384.0,6688
2026-08-18,INE546V01010,EIFFL,BE,260.95,260.95,251.1,259.55,255.0,261.0,11795,2988169.8,102
2026-08-18,INE505V01016,EUROBOND,EQ,155.0,157.99,153.25,157.68,156.11,155.0,3689,577265.3,191
2026-08-18,INE198501012,EUROPRATIK,EQ,281.0,283.4,272.4,274.3,274.3,283.75,149710,41416091.6,2314
2026-08-18,INE022C01012,EUROTEXIND,BE,14.0,14.0,14.0,14.0,14.0,13.92,89,1246.0,3
2026-08-18,INE128A01029,EVEREADY,EQ,354.7,354.9,351.5,354.3,354.0,352.9,28010,9886615.7,982
2026-08-18,INE295A01018,EVERESTIND,BE,450.0,456.0,436.15,442.4,445.25,449.65,3084,1374147.7,113
2026-08-18,INE184H01027,EKC,EQ,109.53,109.9,108.11,108.59,108.69,109.53,130325,14178584.49,1932
2026-08-18,INE369A01029,EXCELINDUS,EQ,995.65,997.45,981.05,985.2,981.35,990.55,2480,2447986.65,311
2026-08-18,INE0Y4801011,EXCELLENT,ST,197.0,197.0,195.7,195.7,195.7,206.0,8000,1568640.0,5
2026-08-18,INE606N01019,EXCELSOFT,EQ,73.5,74.82,72.01,72.59,72.4,73.07,450489,33084655.58,2881
2026-08-18,INE777F01014,EXICOM,EQ,148.8,159.65,146.0,158.05,158.99,148.32,3723146,578448887.71,33802
2026-08-18,INE302A01020,EXIDEIND,EQ,474.0,477.6,463.75,465.25,465.15,475.7,1543959,722812032.45,30689
2026-08-18,INE19I001020,EXIMROUTES,SM,108.0,108.0,108.0,108.0,108.0,107.1,800,86400.0,1
2026-08-18,INE201K01015,EXPLEOSOL,EQ,918.0,932.45,891.1,897.7,896.05,923.05,409143,373878956.15,14215
2026-08-18,INE0GFE01026,EXXARO,EQ,6.15,6.24,6.0,6.13,6.17,6.0,628072,3858151.56,300
2026-08-18,INE0HF201011,FABTECH,EQ,145.9,146.99,143.56,145.73,145.0,145.91,158425,23006906.27,1428
2026-08-18,INE188A01015,FACT,EQ,790.0,799.85,789.0,794.85,793.3,793.25,54378,43124895.95,4178
2026-08-18,INE0DNW01011,FAIRCHEMOR,BE,673.7,673.7,673.7,673.7,673.7,687.4,22221,14970287.7,160
2026-08-18,INE0PQK01013,FALCONTECH,SM,12.65,12.75,12.65,12.75,12.75,12.45,10800,137340.0,9
2026-08-18,INE963C01033,FAZE3Q,EQ,487.85,491.55,480.6,483.7,481.0,484.45,13043,6323415.65,703
2026-08-18,INE512B01022,FCSSOFT,EQ,1.52,1.52,1.49,1.49,1.49,1.51,1107587,1669249.16,989
2026-08-18,INE258B01022,FDC,EQ,354.3,355.75,350.9,351.55,351.95,354.3,67249,23748812.45,4662
2026-08-18,INE007N01010,FEDFINA,EQ,151.25,152.0,150.35,150.86,150.6,152.0,507069,76555281.71,9524
2026-08-18,INE417D01020,FEDDERSHOL,EQ,40.1,41.8,40.07,41.0,41.8,40.1,123208,5006462.31,1204
2026-08-18,INE171A01029,FEDERALBNK,EQ,354.2,358.6,352.5,357.8,357.8,354.1,2828360,1006094022.3,40451
2026-08-18,INE529A01010,FMGOETZE,EQ,454.25,469.75,451.05,462.65,466.0,453.95,38297,17719691.1,1824
2026-08-18,INE901X01013,FELIX,SM,183.9,189.0,183.9,185.6,187.0,182.9,66500,12413275.0,102
2026-08-18,INE225B01021,FERMENTA,EQ,460.15,465.7,442.05,454.2,457.15,457.05,118947,53711260.15,5627
2026-08-18,INE296C01020,FIBERWEB,EQ,27.0,27.54,25.31,26.48,26.24,26.96,70942,1892304.41,482
2026-08-18,INE0LQQ01019,FIDEL,SM,134.0,139.0,134.0,135.25,135.25,135.9,5000,677250.0,5
2026-08-18,INE737H01014,FIEMIND,EQ,2281.7,2293.9,2214.1,2219.1,2222.9,2281.7,131958,295780139.2,16380
2026-08-18,INE185E01021,FILATFASH,EQ,0.18,0.19,0.18,0.18,0.19,0.18,22162574,4059158.35,1660
2026-08-18,INE816B01035,FILATEX,EQ,82.5,87.27,82.49,86.75,86.6,82.72,5428534,464921745.06,24668
2026-08-18,INE0EDU01014,FINBUD,SM,140.4,141.9,138.6,140.45,140.85,139.4,12000,1685650.0,12
2026-08-18,INE686Y01026,FINEORG,EQ,5147.0,5172.0,5070.2,5093.1,5110.0,5110.4,19759,100829030.9,6624
2026-08-18,INE045J01034,FCL,EQ,43.36,44.6,42.2,43.81,44.1,43.41,9734413,421587300.92,28541
2026-08-18,INE734I01027,FINKURVE,EQ,71.7,79.0,70.39,78.19,77.35,72.93,466773,35949435.87,4469
2026-08-18,INE02NC01014,FINOPB,EQ,147.49,153.0,147.0,151.74,150.6,146.95,508594,76381441.48,7193
2026-08-18,INE235A01022,FINCABLES,EQ,1320.85,1339.3,1300.3,1329.35,1321.6,1320.85,884780,1169428845.0,31200
2026-08-18,INE183A01024,FINPIPE,EQ,159.9,160.3,157.0,158.34,158.77,159.36,461428,73149342.58,16438
2026-08-18,INE684F01012,FSL,EQ,267.6,268.45,263.15,263.85,264.0,267.75,767189,203041714.4,13482
2026-08-18,INE771F01041,FISCHER,EQ,37.95,38.41,36.9,38.13,38.13,37.27,3418002,128751042.08,3480
2026-08-18,INE128S01021,FIVESTAR,EQ,533.1,537.2,531.5,535.35,536.0,537.75,156612,83636753.2,10384
2026-08-18,INE00Y201027,FLAIR,EQ,252.0,253.4,248.7,252.05,252.0,255.1,181752,45698984.5,3718
2026-08-18,INE060J01017,FLEXITUFF,BE,3.05,3.1,2.89,2.89,2.89,3.04,170685,499508.79,188
2026-08-18,INE0VCK01011,FLYSBS,SM,520.1,539.0,511.1,520.95,524.75,527.0,157400,82363100.0,400
2026-08-18,INE0SQZ01015,FWSTC,SM,190.0,191.25,190.0,190.0,190.0,190.0,33000,6294600.0,6
2026-08-18,INE593W01028,FOCUS,BE,72.37,72.37,67.9,69.08,70.0,68.93,49091,3515539.75,282
2026-08-18,INE976E01023,FOODSIN,EQ,54.63,56.25,52.94,55.0,54.5,53.75,425803,23450213.78,2700
2026-08-18,INE0U2501017,FORCAS,ST,215.0,217.5,210.0,210.0,210.0,207.5,17600,3766480.0,9
2026-08-18,INE451A01017,FORCEMOT,EQ,18549.0,18726.0,18081.0,18200.0,18200.0,18605.0,77240,1412894004.0,21540
2026-08-18,INE0YKW01013,FORGEAUTO,SM,106.0,106.0,106.0,106.0,106.0,108.0,1200,127200.0,1
2026-08-18,INE061F01013,FORTIS,EQ,912.4,918.25,905.35,916.7,916.7,908.75,1108225,1012452474.75,29643
2026-08-18,INE519A01011,FOSECOIND,EQ,5550.0,5800.0,5480.0,5511.5,5500.0,5641.0,4538,25257611.0,1120
2026-08-18,INE212S01015,FRACTAL,EQ,817.9,834.0,804.0,825.5,821.0,818.0,467766,383720732.45,22298
2026-08-18,INE194R01017,FREDUN,EQ,1450.1,1499.8,1400.0,1436.7,1460.0,1474.0,28535,41317840.9,2288
2026-08-18,INE0SFW01015,FRESHARA,ST,340.0,358.7,338.0,352.95,358.7,341.65,19200,6669900.0,28
2026-08-18,INE385O01018,FROG,ST,211.2,215.4,211.2,215.4,215.4,211.2,10800,2307040.0,15
2026-08-18,INE572D01014,FRONTSP,EQ,1310.9,1310.9,1260.0,1284.7,1298.0,1287.0,37490,47917917.3,4377
2026-08-18,INE388Y01029,NYKAA,EQ,325.4,328.45,320.6,320.6,320.6,327.05,1681742,543998634.2,14809
2026-08-18,INE12UR01024,UTLSOLAR,EQ,468.8,475.0,450.0,468.3,472.0,464.4,702439,322649841.5,20228
2026-08-18,INE139R01012,FUSION,EQ,195.38,196.01,188.13,189.87,189.61,195.58,834013,158986232.12,14834
2026-08-18,INE452O01016,FLFL,BZ,1.2,1.21,1.14,1.16,1.21,1.2,45344,53384.16,67
2026-08-18,INE623B01027,FEL,BZ,0.39,0.4,0.39,0.4,0.4,0.39,122378,48434.73,150
2026-08-18,IN9623B01058,FELDVR,BZ,2.48,2.54,2.3,2.42,2.42,2.42,1018,2433.2,22
2026-08-18,INE360L01017,FMNL,BE,8.87,8.87,8.55,8.67,8.8,8.73,23886,206278.18,129
2026-08-18,INE075D01018,GMBREW,EQ,891.35,906.45,875.0,880.3,879.25,891.35,83951,74559749.6,3534
2026-08-18,INE201P01022,GRINFRA,EQ,871.6,874.35,866.55,868.8,867.0,871.6,7702,6701478.75,1156
2026-08-18,INE586X01012,GTECJAINX,BE,29.98,30.5,28.55,30.5,30.5,29.98,6427,193128.39,55
2026-08-18,INE524A01029,GABRIEL,EQ,1440.0,1484.4,1432.6,1467.6,1469.0,1442.5,203545,299196865.4,21343
2026-08-18,INE224E01028,GATECH,BE,0.81,0.81,0.8,0.8,0.81,0.78,30110999,24378134.77,6853
2026-08-18,INE224E01036,GATECHDVR,BE,0.52,0.52,0.5,0.51,0.52,0.5,462301,239948.33,214
2026-08-18,INE129A01019,GAIL,EQ,172.2,173.55,171.62,173.5,173.5,172.1,6079875,1049387056.51,68278
2026-08-18,INE0QTE01018,GAJANAND,SM,8.0,8.0,8.0,8.0,8.0,7.95,3000,24000.0,1
2026-08-18,INE0RE001014,GALAPREC,EQ,1018.0,1067.9,1010.1,1059.6,1065.0,1018.0,50441,52572534.7,3872
2026-08-18,INE09A801015,GML,SM,19.2,19.2,18.6,18.6,18.6,19.5,18000,340800.0,7
2026-08-18,INE600K01018,GALAXYSURF,EQ,2403.0,2459.9,2360.4,2438.4,2433.9,2403.7,131965,320098942.6,18514
2026-08-18,INE297H01019,GALLANTT,EQ,585.2,588.1,575.05,576.3,576.0,582.95,18807,10874917.8,2015
2026-08-18,INE717W01049,GANDHAR,EQ,247.4,256.9,247.4,255.1,255.0,246.69,2220605,564033824.15,28256
2026-08-18,INE524B01027,GANDHITUBE,EQ,877.25,891.0,875.2,887.3,886.1,877.25,5791,5123341.15,427
2026-08-18,INE388A01029,GANESHBE,BE,119.8,120.0,112.24,115.46,115.48,118.13,169253,19457424.78,700
2026-08-18,INE652V01016,GANESHCP,EQ,164.9,167.38,162.5,165.38,165.0,163.96,198021,32533616.98,2678
2026-08-18,INE0R8C01018,GGBL,SM,233.8,240.0,231.15,239.2,237.5,233.8,18000,4271040.0,46
2026-08-18,INE460C01014,GANESHHOU,EQ,837.95,853.5,828.95,847.0,846.0,838.0,38087,32052641.3,2023
2026-08-18,INE0TVT01024,GANESHIN,ST,110.0,117.3,108.0,117.3,117.3,111.75,120000,13898920.0,110
2026-08-18,INE845D01014,GANECOS,EQ,1101.9,1114.9,1079.0,1101.7,1105.1,1101.2,58466,64026092.2,6542
2026-08-18,INE0ZI101018,GANGABATH,SM,22.6,22.6,22.4,22.4,22.4,22.15,6000,135000.0,2
2026-08-18,INE691Z01023,GANGAFORGE,EQ,2.37,2.37,2.37,2.37,2.37,2.49,668638,1584672.06,912
2026-08-18,INE335W01016,GANGESSECU,EQ,120.85,123.4,119.0,120.0,120.0,120.31,4251,517765.31,128
2026-08-18,INE382Z01011,GRSE,EQ,2600.0,2688.0,2592.9,2677.0,2681.0,2600.1,1265997,3375570996.5,70492
2026-08-18,INE0JVO01026,GARUDA,EQ,182.4,184.5,180.72,182.88,183.0,182.48,357871,65332889.42,5263
2026-08-18,INE291A01017,GRWRHITECH,EQ,7000.0,7138.0,6951.0,7101.0,7121.5,7030.0,32049,225799431.5,8996
2026-08-18,INE276A01018,GARFIBRES,EQ,750.0,783.0,743.05,775.7,772.05,748.45,119840,92122456.65,10594
2026-08-18,INE079J01017,GATEWAY,EQ,55.22,55.22,54.4,54.51,54.5,55.15,867751,47495911.22,10568
2026-08-18,INE0P8B01020,GAUDIUMIVF,BE,118.36,118.36,118.36,118.36,118.36,120.77,13552,1604014.72,238
2026-08-18,INE287Z01012,GAYAHWS,EQ,1.93,1.94,1.87,1.91,1.92,1.89,152362,290716.67,267
2026-08-18,INE336H01023,GAYAPROJ,BE,21.8,22.17,21.09,21.75,21.8,22.2,705058,15370307.72,1501
2026-08-18,INE878A01011,GVPIL,EQ,724.2,724.7,696.65,705.05,703.5,731.15,531432,375611507.55,14466
2026-08-18,INE200A01026,GVT&D,EQ,4290.0,4306.0,4190.0,4195.0,4195.0,4290.0,512550,2165123038.4,50193
2026-08-18,INE916G01016,GEECEE,BE,363.7,373.9,360.05,365.05,365.05,368.8,174,63678.8,14
2026-08-18,INE669X01032,GEEKAYWIRE,EQ,23.05,23.64,23.05,23.14,23.2,23.26,82454,1916652.98,913
2026-08-18,INE06XZ01023,GEMAROMA,EQ,170.0,172.0,167.74,170.1,170.52,169.66,58590,9968199.35,1231
2026-08-18,INE481Y01014,GICRE,EQ,356.5,360.4,354.55,359.9,359.15,355.5,744475,267024151.15,14669
2026-08-18,INE854S01022,GENCON,EQ,39.94,39.94,38.2,38.81,39.04,39.16,348180,13606527.52,783
2026-08-18,INE727B20018,GENESYS-RE,BE,109.0,128.0,108.0,123.6,122.0,108.5,335699,38755613.3,2474
2026-08-18,INE727B01026,GENESYS,EQ,173.65,185.65,168.5,182.3,182.8,170.85,1145549,202465244.5,18209
2026-08-18,INE06H201014,GENSOL,BZ,17.9,18.32,17.45,18.32,18.32,17.45,30008,547879.64,256
2026-08-18,INE949P01018,GENUSPAPER,EQ,11.3,11.85,11.25,11.65,11.58,11.3,117137,1359555.62,642
2026-08-18,INE955D01029,GENUSPOWER,EQ,316.0,318.45,311.0,314.55,313.0,318.25,1107124,348393282.45,17842
2026-08-18,INE1W0N01014,GENXAI,SM,78.05,79.5,78.05,79.0,79.0,78.65,8400,662580.0,7
2026-08-18,INE007B01023,GEOJITFSL,EQ,79.31,81.61,79.31,80.24,80.5,79.31,250678,20188998.5,3960
2026-08-18,INE538A01037,GFLLIMITED,EQ,49.97,51.5,49.21,51.22,51.5,49.49,81157,4089300.19,1543
2026-08-18,INE539A01019,GHCL,EQ,432.55,443.95,430.4,439.55,440.0,432.4,136235,59880468.8,5385
2026-08-18,INE0PA801013,GHCLTEXTIL,EQ,119.23,128.55,119.04,127.94,127.55,120.08,2134661,267031223.73,19173
2026-08-18,INE289B01019,GICHSGFIN,EQ,139.3,139.9,138.01,138.16,138.27,139.39,77729,10776385.83,1695
2026-08-18,INE047B01011,GILLANDERS,EQ,90.5,92.03,87.54,91.54,91.52,88.49,3600,324541.59,65
2026-08-18,INE322A01010,GILLETTE,EQ,7569.5,7583.5,7506.0,7517.5,7522.0,7569.5,12673,95415039.5,3500
2026-08-18,INE424C01010,GINNIFILA,BE,45.38,45.7,44.2,45.02,45.25,44.66,15057,676222.12,101
2026-08-18,INE614Z01017,GIRIRAJ,SM,72.2,72.2,72.2,72.2,72.2,68.8,10500,758100.0,15
2026-08-18,INE1AG301022,GKENERGY,EQ,124.0,126.72,123.3,123.72,123.43,124.43,282023,35074739.68,4334
2026-08-18,INE265D01015,GKB,EQ,69.0,69.0,60.46,63.03,60.46,65.0,1217,79022.06,24
2026-08-18,INE528A01020,GKWLIMITED,EQ,1619.0,1619.0,1602.0,1609.2,1617.0,1607.9,134,216638.5,9
2026-08-18,INE068V01023,GLAND,EQ,2904.0,2925.0,2850.0,2858.6,2855.0,2910.2,488656,1407492405.5,30951
2026-08-18,INE159A01016,GLAXO,EQ,2700.0,2919.0,2691.1,2877.4,2904.0,2702.9,477841,1336849497.5,47614
2026-08-18,INE935A01035,GLENMARK,EQ,2317.4,2332.9,2305.0,2305.0,2305.0,2329.0,379551,878733188.4,20714
2026-08-18,INE291W01037,GLOBAL,EQ,107.45,111.4,105.3,109.13,109.25,107.47,160551,17428190.58,1558
2026-08-18,INE474Q01031,MEDANTA,EQ,1415.7,1447.0,1410.9,1442.7,1446.9,1415.1,309148,441312911.4,16921
2026-08-18,INE0JSX01015,GSLSU,EQ,35.38,35.39,33.74,35.18,35.39,33.71,253370,8895240.6,949
2026-08-18,INE792H01019,GLOBALVECT,EQ,150.0,153.0,148.12,150.05,149.0,149.0,8307,1247869.88,309
2026-08-18,INE0URU01010,GLOBALE,EQ,11.0,11.29,10.9,11.11,11.29,10.87,4785,52475.26,39
2026-08-18,INE0V3U01015,GLOBECIVIL,EQ,45.38,45.5,44.03,44.62,44.65,44.86,34332,1543525.14,206
2026-08-18,INE581X01021,GLOBE,EQ,2.03,2.03,1.94,1.95,1.96,2.0,425706,843343.65,275
2026-08-18,INE947T01022,GICL,EQ,23.75,23.9,23.09,23.68,23.69,23.38,383201,9050391.48,497
2026-08-18,INE00WS01056,GSTL,SM,15.3,15.3,14.25,14.95,14.95,15.0,8000,117200.0,8
2026-08-18,INE615I01010,GLOBUSSPR,EQ,882.0,914.0,881.75,899.5,903.0,881.75,374512,336317189.2,13244
2026-08-18,INE350Z01018,GLOSTERLTD,EQ,629.55,629.55,600.1,604.7,605.0,619.75,1992,1210644.1,258
2026-08-18,INE0TQE01026,GLOTTIS,BE,65.07,65.9,64.81,64.99,65.01,66.1,30097,1957089.18,195
2026-08-18,INE541A01023,GMMPFAUDLR,EQ,1053.0,1059.0,1020.0,1031.25,1035.0,1056.55,183397,190427958.5,13107
2026-08-18,INE776C01039,GMRAIRPORT,EQ,102.02,102.56,101.05,101.39,101.39,101.31,6639327,676298453.92,21476
2026-08-18,INE0CU601026,GMRP&UI,EQ,96.7,98.61,96.03,96.3,96.1,96.7,849279,82075397.55,11193
2026-08-18,INE934S01014,GNA,EQ,563.0,592.0,561.55,581.5,578.05,561.55,692414,399421610.65,15300
2026-08-18,INE18JU01028,EBGNG,EQ,595.0,595.0,568.0,570.7,570.0,593.0,306764,176810949.5,12332
2026-08-18,INE03JT01014,GODIGIT,EQ,254.8,256.9,254.05,255.75,256.2,254.85,58616,14947503.95,3864
2026-08-18,INE0BJS01011,GOCOLORS,EQ,344.0,349.6,340.35,346.85,347.0,344.05,178442,61531266.5,3194
2026-08-18,INE426D01013,GOACARBON,EQ,360.0,361.9,351.0,353.3,352.55,355.95,20971,7448350.9,961
2026-08-18,INE077F01035,GOCLCORP,EQ,408.0,413.0,401.0,401.65,401.2,408.0,42815,17293117.9,2282
2026-08-18,INE497S01012,GODAVARIB,EQ,245.1,256.45,245.1,250.3,249.9,245.6,248159,62231322.05,5342
2026-08-18,INE177H01039,GPIL,EQ,251.01,256.0,248.07,255.22,255.0,250.82,2695925,683401894.05,47440
2026-08-18,INE260B01028,GODFRYPHLP,EQ,2130.0,2141.7,2102.3,2102.3,2102.3,2131.0,145007,306540062.3,11751
2026-08-18,INE850D01014,GODREJAGRO,EQ,599.0,599.0,585.2,588.7,586.0,597.0,196758,116417532.45,9848
2026-08-18,INE102D01028,GODREJCP,EQ,935.0,936.4,920.0,931.0,931.0,928.0,1452987,1350751925.9,29283
2026-08-18,INE233A01035,GODREJIND,EQ,1225.0,1245.1,1189.7,1229.9,1225.0,1223.0,197223,240144912.4,14051
2026-08-18,INE484J01027,GODREJPROP,EQ,2045.1,2055.2,1990.1,1997.4,1997.4,2054.0,687150,1382268720.7,29261
2026-08-18,IN0020240191,679GS2031,GS,102.0,102.0,102.0,102.0,102.0,102.0,50,5100.0,1
2026-08-18,IN0020240134,692GS2039,GS,101.0,101.0,101.0,101.0,101.0,100.5,500,50500.0,1
2026-08-18,IN0020240142,709GS2074,GS,96.6,96.8,96.2,96.45,96.45,96.6,19955,1925239.75,31
2026-08-18,IN0020250067,601GS2030,GS,99.9,100.1,97.93,98.0,100.1,100.1,1597,156512.08,9
2026-08-18,IN0020210095,610GS2031,GS,99.2,99.2,99.2,99.2,99.2,99.35,1,99.2,1
2026-08-18,IN0020250026,633GS2035,GS,97.31,97.31,97.31,97.31,97.31,101.0,4600,447626.0,1
2026-08-18,IN0020210244,654GS2032,GS,100.2,100.2,99.4,99.5,99.5,100.0,9807,976115.8,3
2026-08-18,IN0020200252,667GS2050,GS,92.65,92.65,92.44,92.44,92.44,92.1,3987,368639.23,14
2026-08-18,IN0020250133,668GS2033,GS,99.9,99.9,99.9,99.9,99.9,100.0,100,9990.0,1
2026-08-18,IN0020250042,668GS2040,GS,97.55,99.45,97.25,97.25,97.25,97.55,13051,1295664.75,11
2026-08-18,IN0020200401,676GS2061,GS,94.48,95.0,94.48,94.77,94.77,94.05,35608,3376047.56,23
2026-08-18,IN0020200187,68GS2060,GS,93.3,93.3,93.1,93.29,93.1,93.3,262,24444.4,4
2026-08-18,IN0020250018,690GS2065,GS,95.0,95.0,94.8,94.8,94.8,94.54,14597,1385795.6,6
2026-08-18,IN0020260025,694GS2036,GS,103.1,103.1,102.25,102.5,102.5,101.86,10045,1032577.5,8
2026-08-18,IN0020210202,695GS2061,GS,94.8,94.8,94.8,94.8,94.8,94.01,4879,462529.2,2
2026-08-18,IN0020210194,699GS2051,GS,95.71,95.71,95.71,95.71,95.71,96.0,1,95.71,1
2026-08-18,IN0020240043,702GS2027,GS,104.0,104.0,103.4,103.4,103.4,103.98,2,207.4,2
2026-08-18,IN0020240050,704GS2029,GS,102.5,102.5,102.5,102.5,102.5,102.5,25,2562.5,1
2026-08-18,IN0020260041,706GS2041,GS,102.5,102.5,102.5,102.5,102.5,101.99,1,102.5,1
2026-08-18,IN0020240118,709GS2054,GS,97.8,97.8,97.0,97.0,97.0,97.55,38970,3780141.5,14
2026-08-18,IN0020230036,717GS2030,GS,103.7,103.7,103.26,103.26,103.26,104.7,2001,207503.26,2
2026-08-18,IN0020230085,718GS2033,GS,102.55,103.1,102.5,103.1,103.1,102.5,11500,1184165.1,7
2026-08-18,IN0020230077,718GS2037,GS,103.2,103.2,102.6,102.6,102.6,102.66,2161,221839.2,3
2026-08-18,IN0020250075,724GS2055,GS,98.8,98.84,98.0,98.38,98.39,98.97,80103,7872761.3,83
2026-08-18,IN0020230044,725GS2063,GS,98.5,98.6,98.0,98.43,98.45,98.44,118658,11676911.72,55
2026-08-18,IN0020220060,726GS2032,GS,105.51,106.25,105.51,106.25,106.25,106.5,3790,401207.5,3
2026-08-18,IN0020230051,73GS2053,GS,100.55,100.55,100.0,100.47,100.35,100.24,12592,1262161.15,12
2026-08-18,IN0020230135,732GS2030,GS,104.11,108.2,103.87,103.89,108.2,104.0,23631,2455215.64,6
2026-08-18,IN0020230119,733GS2026,GS,102.31,102.31,102.31,102.31,102.31,101.7,1798,183953.38,3
2026-08-18,IN0020240035,734GS2064,GS,100.5,100.5,100.4,100.49,100.49,100.49,47616,4785091.0,34
2026-08-18,IN0020220086,736GS2052,GS,101.46,101.5,101.4,101.5,101.5,103.75,9518,965711.1,6
2026-08-18,IN0020230101,737GS2028,GS,104.1,104.98,104.1,104.98,104.98,105.0,19601,2040660.98,9
2026-08-18,IN0020220094,74GS2062,GS,101.9,101.9,101.26,101.3,101.3,101.01,1401,142581.26,5
2026-08-18,IN0020220102,741GS2036,GS,105.5,105.8,105.43,105.6,105.6,104.91,20255,2136502.18,23
2026-08-18,IN0020250117,743GS2076,GS,100.66,101.25,100.05,101.11,101.25,100.66,3167,318214.5,23
2026-08-18,IN0020230127,746GS2073,GS,101.35,101.55,100.56,100.99,100.56,100.75,18794,1899534.7,30
2026-08-18,IN0020260017,750GS2056,GS,103.0,103.0,101.1,101.82,101.82,103.0,1179,120386.22,19
2026-08-18,IN0020220029,754GS2036,GS,106.91,107.15,106.76,106.91,106.93,106.9,319854,34191251.31,134
2026-08-18,IN0020260033,771GS2066,GS,104.78,104.78,104.3,104.36,104.3,104.81,4421,462309.32,12
2026-08-18,IN0020010081,1018GS2026,GS,104.74,104.74,104.74,104.74,104.74,104.35,190,19900.6,3
2026-08-18,IN0020220011,710GS2029,GS,103.11,103.52,103.11,103.51,103.5,103.42,1491,154320.95,4
2026-08-18,IN0020220037,738GS2027,GS,102.26,102.35,102.0,102.21,102.21,102.35,110858,11333328.71,120
2026-08-18,IN0020060078,824GS2027,GS,105.9,105.9,105.9,105.9,105.9,106.0,10,1059.0,1
2026-08-18,IN0020130053,92GS2030,GS,113.0,115.2,113.0,115.16,114.8,114.0,40330,4609014.44,36
2026-08-18,IN002026Y121,182D241226,TB,97.51,97.51,97.51,97.51,97.51,97.51,900,87759.0,1
2026-08-18,IN002026Y048,182D291026,TB,98.55,98.55,97.93,97.93,97.93,98.55,1500,147205.0,2
2026-08-18,IN002025Z492,364D110327,TB,96.1,96.1,96.1,96.1,96.1,96.1,100,9610.0,1
2026-08-18,IN002025Z336,364D121126,TB,99.0,99.0,98.5,98.5,98.5,97.2,50000,4937500.0,2
2026-08-18,IN002026Z128,364D240627,TB,94.0,94.0,94.0,94.0,94.0,94.0,900,84600.0,1
2026-08-18,IN002026X131,91D011026,TB,99.15,99.15,99.15,99.15,99.15,99.14,100,9915.0,1
2026-08-18,IN002026X099,91D030926,TB,99.68,99.68,99.68,99.68,99.68,99.55,300,29904.0,3
2026-08-18,IN002026X123,91D240926,TB,99.28,99.28,99.02,99.02,99.02,99.02,2000,198118.0,5
2026-08-18,IN002026X081,91D280826,TB,99.79,99.79,99.78,99.78,99.78,99.63,600,59871.0,4
2026-08-18,IN002026X172,91D291026,TB,98.6,98.6,98.45,98.45,98.45,98.6,400,39395.0,2
2026-08-18,INE887G01027,GOKEX,EQ,807.9,823.45,799.15,812.4,812.8,804.1,596734,485855012.3,23640
2026-08-18,INE314T01033,GOKULAGRO,EQ,229.5,240.2,229.5,236.92,235.3,231.66,319417,75529662.33,7178
2026-08-18,INE020J01029,GOKUL,EQ,38.5,39.4,38.4,39.01,39.4,38.68,133664,5185363.4,367
2026-08-18,INE973A01010,GOLDENTOBC,BZ,26.15,26.15,24.0,24.51,24.51,24.99,249,6401.1,20
2026-08-18,INE025B01025,GOLDIAM,EQ,372.0,372.0,360.05,361.75,362.0,374.4,1088172,395878375.95,18003
2026-08-18,INE06MH01016,GOLDKART,SM,94.0,94.0,85.75,85.75,85.75,90.25,2500,224687.5,4
2026-08-18,INE405Y01021,GOLDSTAR,SM,8.45,8.45,8.1,8.35,8.4,8.05,315000,2644875.0,26
2026-08-18,INE127I01024,GOODLUCK,EQ,1319.0,1346.3,1310.0,1330.0,1331.0,1311.1,224634,298237920.9,11010
2026-08-18,INE533A01012,GOODYEAR,EQ,769.75,773.6,759.7,763.5,765.0,765.35,4124,3151180.25,420
2026-08-18,INE0L9R01028,GOPAL,EQ,272.0,276.5,270.75,274.15,274.9,270.75,182670,50006103.1,8218
2026-08-18,INE705X01026,GOYALALUM,EQ,6.45,6.45,6.29,6.33,6.39,6.4,56851,362998.07,334
2026-08-18,INE0QFE01017,GOYALSALT,SM,107.0,107.0,105.0,105.85,105.0,107.0,12000,1270800.0,6
2026-08-18,INE0S7E01015,GPECO,ST,377.9,379.85,366.9,371.1,371.5,378.65,16800,6252790.0,64
2026-08-18,INE586G01017,GULFPETRO,BE,61.27,63.0,59.27,62.81,62.8,61.57,288388,17555295.04,1036
2026-08-18,INE486R01017,GPTHEALTH,EQ,153.32,154.54,151.48,153.13,153.5,153.32,76600,11688149.15,3685
2026-08-18,INE390G01014,GPTINFRA,EQ,114.4,116.59,114.06,115.12,114.33,115.06,35571,4087668.5,1000
2026-08-18,INE361K01017,GRADIENTE,EQ,2.84,2.86,2.78,2.8,2.8,2.77,1902436,5351548.24,272
2026-08-18,INE12E301017,GCHOTELS,ST,100.85,102.55,100.5,102.0,102.55,97.7,76200,7792740.0,73
2026-08-18,INE926B01016,GRANDOAK,EQ,38.53,40.05,38.1,39.55,39.88,38.15,5451,216073.02,108
2026-08-18,INE101D01020,GRANULES,EQ,863.0,868.5,848.45,851.2,852.05,861.55,407105,347579140.5,19420
2026-08-18,INE0POU01017,GRAPHISAD,SM,26.65,27.3,26.0,26.5,26.5,26.0,8400,221940.0,7
2026-08-18,INE371A01025,GRAPHITE,EQ,728.0,741.8,724.1,737.15,736.2,729.5,943780,694176012.45,25302
2026-08-18,INE047A01021,GRASIM,EQ,3257.0,3297.7,3250.5,3278.7,3278.7,3250.5,1498859,4915674508.8,69326
2026-08-18,INE266D01021,GRAUWEIL,EQ,67.96,68.39,66.2,66.43,66.5,67.96,110940,7417071.89,2605
2026-08-18,INE214F01026,GRAVISSHO,EQ,28.7,30.87,28.7,28.86,28.86,28.53,63,1830.94,7
2026-08-18,INE024L01027,GRAVITA,EQ,1821.7,1834.4,1802.0,1814.1,1811.2,1821.7,138790,252148810.3,17559
2026-08-18,INE224A01026,GREAVESCOT,EQ,194.2,200.95,194.01,198.59,198.16,195.01,1164415,230575113.47,14624
2026-08-18,INE0O7P01015,GREENCHEF,SM,52.4,53.75,52.0,52.85,52.0,52.4,3200,168440.0,4
2026-08-18,INE544R01021,GREENLAM,EQ,250.95,258.4,250.8,255.65,255.0,252.8,144651,36860967.8,3857
2026-08-18,INE0PLX01017,GREENLEAF,ST,129.0,129.0,120.55,120.55,120.55,126.85,3000,370100.0,3
2026-08-18,INE08ZM01014,GREENPANEL,EQ,170.52,172.06,164.9,166.15,170.9,169.59,266864,44526693.2,6801
2026-08-18,INE461C01038,GREENPLY,EQ,285.8,288.75,281.6,287.55,286.4,286.3,176270,50257722.15,2185
2026-08-18,INE199P01028,GCSL,EQ,490.35,531.0,481.25,512.3,518.8,492.4,826194,423037829.65,10291
2026-08-18,INE536A01023,GRINDWELL,EQ,2159.0,2168.8,2094.5,2101.3,2102.0,2163.5,24964,53048628.7,7238
2026-08-18,INE192H01020,GRMOVER,EQ,88.87,90.3,87.21,87.51,87.4,88.28,1117753,99090865.88,9316
2026-08-18,INE1TY801010,GJL,ST,209.0,226.8,209.0,225.1,226.8,220.0,4000,887520.0,3
2026-08-18,INF666M01PH7,CEMNTGROWW,EQ,15.28,15.28,14.85,14.96,14.95,15.09,66472,997763.89,470
2026-08-18,INF666M01MM4,GROWWCAPM,EQ,11.2,11.26,11.08,11.23,11.23,11.25,256075,2862134.14,783
2026-08-18,INF666M01NP5,GROWWCHEM,EQ,30.58,30.84,30.4,30.56,30.41,30.74,43819,1345469.12,215
2026-08-18,INF666M01IO8,GROWWDEFNC,EQ,98.82,99.99,97.94,99.59,99.98,98.82,228994,22745439.33,3281
2026-08-18,INF666M01IH2,GROWWEV,EQ,34.18,34.29,33.86,33.93,33.9,34.18,953644,32517924.68,1825
2026-08-18,INF666M01OE7,GROWWGOLD,EQ,14.91,14.97,14.9,14.94,14.95,14.93,1752345,26175185.5,3626
2026-08-18,INF666M01OD9,GROWWHOSPI,EQ,53.28,53.28,52.3,52.55,52.69,52.67,286510,15047479.74,1233
2026-08-18,INF666M01IP5,GROWWLIQID,EQ,110.37,110.39,110.37,110.38,110.38,110.37,507022,55966322.02,195
2026-08-18,INF666M01LB9,GROWWLOVOL,EQ,10.59,10.59,10.35,10.48,10.47,10.55,5709,59847.43,104
2026-08-18,INF666M01MV5,GROWWMC150,EQ,239.8,239.8,233.52,236.0,236.0,237.43,3324,782289.46,59
2026-08-18,INF666M01NI0,GROWWMETAL,EQ,12.5,12.51,12.3,12.36,12.31,12.42,192173,2390409.41,1015
2026-08-18,INF666M01KJ4,GROWWMOM50,EQ,11.47,11.47,10.98,11.04,11.02,11.04,44426,490112.03,372
2026-08-18,INF666M01JV1,GROWWN200,EQ,11.55,11.55,11.38,11.39,11.48,11.55,132945,1516897.31,261
2026-08-18,INF666M01LI4,GROWWNET,EQ,10.84,10.84,10.5,10.56,10.56,10.65,273605,2888561.79,659
2026-08-18,INF666M01LL8,GROWWNIFTY,EQ,9.94,9.94,9.71,9.84,9.9,9.82,627312,6146499.6,3139
2026-08-18,INF666M01LZ8,GROWWNXT50,EQ,75.27,75.27,74.65,74.84,74.65,75.27,2649,198441.65,77
2026-08-18,INF666M01LM6,GROWWPOWER,EQ,11.73,11.73,11.42,11.44,11.44,11.52,1978128,22710969.07,2452
2026-08-18,INF666M01NQ3,GROWWPSE,EQ,99.0,99.56,98.59,98.77,99.56,99.32,2644,261169.0,43
2026-08-18,INF666M01OG2,GROWWPSUBK,EQ,86.4,87.73,86.4,86.99,87.0,87.63,1670,145061.82,54
2026-08-18,INF666M01JJ6,GROWWRAIL,EQ,29.34,29.34,28.8,28.87,28.94,29.05,534897,15473306.51,2113
2026-08-18,INF666M01MN2,GROWWRLTY,EQ,10.4,10.48,9.77,10.08,10.1,10.2,459069,4633009.14,598
2026-08-18,INF666M01MO0,GROWWSC250,EQ,10.59,10.62,10.54,10.57,10.57,10.59,135667,1433406.41,517
2026-08-18,INF666M01OF4,GROWWSLVR,EQ,22.63,22.84,22.63,22.71,22.74,22.91,600546,13655927.37,1728
2026-08-18,INF666M01OT5,PVTBKGROWW,EQ,27.83,27.83,27.3,27.31,27.39,27.5,3200,87533.51,66
2026-08-18,INF666M01PG9,SMALLGROWW,EQ,47.94,49.14,47.89,48.86,49.0,48.64,7056,344963.48,84
2026-08-18,INE137I01015,GRPLTD,EQ,2049.2,2055.8,1989.9,2001.8,2008.8,2049.2,1352,2721236.1,196
2026-08-18,INE0SQY01018,GSMFOILS,SM,88.25,88.25,88.25,88.25,88.25,92.85,26000,2294500.0,29
2026-08-18,INE713R01022,GSPCROP,EQ,589.65,600.0,589.55,590.9,589.55,589.75,207126,123488619.2,3167
2026-08-18,INE871H01011,GSS,EQ,13.34,13.34,12.89,13.08,13.05,13.01,15957,208373.01,116
2026-08-18,INE221H01019,GTLINFRA,EQ,1.21,1.22,1.2,1.21,1.21,1.21,11833145,14359126.51,10907
2026-08-18,INE043A01012,GTL,EQ,7.5,7.74,7.24,7.47,7.47,7.41,193898,1453351.99,610
2026-08-18,INE869I01013,GTPL,EQ,54.04,54.5,53.0,53.5,53.45,54.04,14308,764869.15,549
2026-08-18,INE742B01025,GUFICBIO,EQ,421.5,429.95,413.1,421.4,420.05,418.2,120133,50617952.15,5569
2026-08-18,INE162A01010,GIPCL,EQ,174.35,176.52,171.15,171.63,172.05,174.44,439397,76441338.29,4498
2026-08-18,INE113A01013,GNFC,EQ,600.9,619.0,599.0,609.75,608.6,600.65,1477642,902363348.45,40453
2026-08-18,INE026A01025,GSFC,EQ,159.4,161.11,159.4,160.43,160.28,159.87,667193,106876818.9,14350
2026-08-18,INE826C01016,GUJAPOLLO,EQ,350.3,350.3,342.6,348.4,350.0,349.15,5057,1750690.35,221
2026-08-18,INE186A01019,GUJALKALI,EQ,690.0,692.95,675.1,678.55,683.5,680.45,48455,33046045.1,3226
2026-08-18,INE036B01030,GAEL,EQ,172.0,178.8,171.7,177.76,177.0,172.75,1908212,336400875.64,21109
2026-08-18,INE844O01030,GUJENERGY,EQ,276.0,278.0,267.3,269.4,269.8,276.5,2873077,777719640.8,34942
2026-08-18,INE09N301011,FLUOROCHEM,EQ,4700.0,4775.0,4651.0,4674.8,4705.2,4707.5,123083,578657159.8,14506
2026-08-18,INE0V0W01025,GKSL,EQ,152.0,154.97,145.0,153.46,152.79,151.36,3024980,461590531.06,22229
2026-08-18,INE540A01017,GLFL,EQ,5.9,5.9,5.6,5.71,5.84,5.64,8104,47345.52,36
2026-08-18,INE131A01031,GMDCLTD,EQ,574.05,585.65,568.1,570.7,569.25,574.0,787437,454330459.3,24523
2026-08-18,INE207H01018,GNRL,EQ,103.5,105.56,103.5,104.34,104.8,103.69,41822,4354916.39,1212
2026-08-18,INE517F01014,GPPL,EQ,160.2,163.64,160.0,160.48,160.5,159.57,1891002,305426227.92,21974
2026-08-18,INE610B01024,GUJRAFFIA,EQ,41.32,42.45,41.19,42.41,42.45,41.32,1781,75173.28,50
2026-08-18,INE942C01045,GUJTHEM,EQ,350.0,377.0,349.0,371.3,374.7,351.25,260880,95903668.8,6455
2026-08-18,INE635Q01029,GULFOILLUB,EQ,1174.6,1184.3,1167.2,1173.2,1170.9,1174.6,48680,57213109.4,4362
2026-08-18,INE255D01024,GULPOLY,EQ,193.45,194.38,187.2,187.75,187.99,192.06,286706,54518617.23,5546
2026-08-18,INE1CCX01012,GURUNANAK,SM,39.0,39.0,37.05,37.05,37.05,39.0,14400,549680.0,7
2026-08-18,INE251H01024,GVKPIL,BE,2.35,2.38,2.31,2.33,2.37,2.34,945506,2221678.02,647
2026-08-18,INE382T01030,GVPTECH,EQ,7.02,7.1,6.91,6.98,6.98,7.02,28330,199009.22,162
2026-08-18,INE724A01017,GYFTR,EQ,162.23,162.61,155.21,157.94,157.5,162.22,47780,7591878.8,776
2026-08-18,INE640B01021,HBESD,EQ,74.5,76.5,74.5,75.0,75.0,75.41,390,29201.5,14
2026-08-18,INE926X01010,HGINFRA,EQ,514.5,517.3,505.0,507.7,508.9,514.5,71433,36500847.0,3704
2026-08-18,INE115S01010,HALDER,EQ,294.92,299.5,286.0,290.66,293.0,294.92,29702,8758752.69,472
2026-08-18,INE506D01020,HALDYNGL,BE,126.99,127.5,124.0,125.74,127.0,126.36,54261,6848581.74,172
2026-08-18,INE320X01016,HALEOSLABS,EQ,1448.1,1489.4,1448.1,1478.9,1484.0,1437.5,404,597038.2,67
2026-08-18,INE299D01022,HAMPTON,EQ,7.2,8.4,7.2,8.12,8.14,7.95,26801,212632.7,113
2026-08-18,INE596H01014,HGM,EQ,45.95,45.95,43.03,44.66,45.0,45.06,2458,109480.78,78
2026-08-18,INE419U01012,HAPPSTMNDS,EQ,425.0,427.4,416.3,419.95,418.7,426.8,1179012,496670588.8,26635
2026-08-18,INE330T01021,HAPPYFORGE,EQ,2209.2,2296.7,2209.2,2260.6,2265.0,2198.1,175740,397628629.4,22523
2026-08-18,INE0TLP01015,WHITEFORCE,SM,34.7,34.7,34.7,34.7,34.7,34.65,1600,55520.0,1
2026-08-18,INE1GFG01011,HAPPY,SM,65.0,67.65,64.5,66.75,67.4,66.0,46000,3053800.0,19
2026-08-18,INE626Z01029,HARDWYN,EQ,10.95,11.11,8.8,9.42,9.58,10.95,9633380,92914402.42,12319
2026-08-18,INE00EV01017,HARIOMPIPE,EQ,347.0,357.0,346.05,352.95,354.0,346.45,140777,49655389.3,4055
2026-08-18,INE400G01011,HRYNSHP,EQ,101.0,104.0,100.9,101.78,103.92,101.0,1931,195752.38,37
2026-08-18,INE544A01019,HARRMALAYA,EQ,194.99,194.99,188.05,189.03,190.0,193.47,25832,4921608.28,735
2026-08-18,INE0JUS01029,HARSHA,EQ,427.95,439.9,421.75,436.4,439.9,425.6,224480,97297684.6,8121
2026-08-18,INE982F01036,HATHWAY,EQ,10.54,10.61,10.5,10.51,10.51,10.59,825113,8702035.23,1678
2026-08-18,INE473B01035,HATSUN,EQ,974.05,993.65,969.55,985.35,975.0,968.8,59772,58888958.5,9732
2026-08-18,INE176B01034,HAVELLS,EQ,1299.0,1311.8,1286.1,1299.7,1299.7,1299.0,1021226,1322772126.5,35307
2026-08-18,INE979B01015,HAWKINCOOK,EQ,8342.5,8410.0,8116.0,8235.0,8200.0,8340.0,2401,19777321.5,465
2026-08-18,INE550F01049,HAZOOR,EQ,21.49,22.0,20.5,21.34,21.25,21.49,36400,775003.16,284
2026-08-18,INE638B01025,HBPOR,EQ,59.0,62.99,58.0,60.94,59.27,62.99,2387,144965.93,34
2026-08-18,INE550B01022,HBSL,EQ,56.9,57.2,54.6,56.13,54.81,56.9,2327,130639.06,46
2026-08-18,INE292B01021,HBLENGINE,EQ,675.0,677.55,667.15,670.05,670.7,674.6,635709,426374481.65,21741
2026-08-18,INE236A01020,HCL-INSYS,EQ,11.66,11.66,11.26,11.32,11.32,11.24,77067,875512.82,414
2026-08-18,INE860A01027,HCLTECH,EQ,1318.0,1320.0,1292.5,1298.0,1298.0,1325.0,3056990,3976027860.5,74688
2026-08-18,INE756I01012,HDBFS,EQ,683.0,701.0,674.85,698.15,700.0,683.9,513419,354760723.7,15149
2026-08-18,INE127D01025,HDFCAMC,EQ,2525.9,2536.9,2491.3,2525.0,2525.0,2523.0,672054,1689092567.3,39750
2026-08-18,INE040A01034,HDFCBANK,EQ,726.3,729.0,723.0,723.0,723.0,729.0,17916507,12984034098.1,256567
2026-08-18,INF179KC1981,HDFCGOLD,EQ,133.88,133.88,130.23,130.71,130.75,130.62,1936116,253004804.91,6867
2026-08-18,INE795G01014,HDFCLIFE,EQ,541.95,542.9,537.55,538.25,538.25,543.0,1271552,686986995.6,32893
2026-08-18,INF179KC1EZ4,HDFCBSE500,EQ,38.75,38.75,37.58,37.75,37.7,38.12,643658,24404335.19,240
2026-08-18,INF179KC1DJ0,HDFCGROWTH,EQ,121.37,123.04,120.6,120.98,121.24,121.37,72788,8804845.34,168
2026-08-18,INF179KC1JG3,HDFCLIQUID,EQ,1079.4,1079.4,1074.16,1074.18,1074.18,1074.03,18536,19911056.49,41
2026-08-18,INF179KC1HU8,HDFCLOWVOL,EQ,20.9,21.0,20.84,20.85,21.0,21.0,2537,52965.48,47
2026-08-18,INF179KC1HT0,HDFCMID150,EQ,23.75,23.81,23.57,23.65,23.69,23.71,568827,13483994.52,1352
2026-08-18,INF179KC1HV6,HDFCMOMENT,EQ,31.53,31.56,31.26,31.42,31.26,31.47,108742,3418369.04,730
2026-08-18,INF179KC1HS2,HDFCNEXT50,EQ,76.35,76.4,75.71,75.83,76.09,76.35,101344,7712927.45,629
2026-08-18,INF179KC1HR4,HDFCNIF100,EQ,26.44,26.44,26.2,26.22,26.37,26.31,43431,1139817.59,217
2026-08-18,INF179KC1HY0,HDFCNIFBAN,EQ,59.51,59.51,58.97,59.23,59.38,59.54,279639,16555820.45,431
2026-08-18,INF179KC1IA8,HDFCNIFIT,EQ,32.99,33.26,32.31,32.34,32.49,32.99,261717,8504472.87,488
2026-08-18,INF179KC1965,HDFCNIFTY,EQ,281.76,281.76,272.9,273.21,273.24,274.89,102395,27977060.24,695
2026-08-18,INF179KC1KT4,HDFCNIMEG,EQ,131.18,131.18,130.14,130.47,130.83,131.79,44618,5828198.78,55
2026-08-18,INF179KC1HZ7,HDFCPVTBAN,EQ,28.76,28.76,27.78,27.84,27.78,28.06,147629,4109837.97,499
2026-08-18,INF179KC1DL6,HDFCQUAL,EQ,59.7,59.7,58.97,59.2,59.5,59.72,24197,1434721.34,114
2026-08-18,INF179KC1HX2,HDFCSENSEX,EQ,87.55,88.24,87.55,87.77,87.7,88.25,13547,1189823.48,506
2026-08-18,INF179KC1DI2,HDFCSILVER,EQ,225.88,225.88,220.68,221.55,221.74,223.64,1592562,353236759.01,8450
2026-08-18,INF179KC1FB2,HDFCSML250,EQ,189.83,189.83,184.5,184.78,184.75,185.2,1107563,204724054.46,6865
2026-08-18,INF179KC1DK8,HDFCVALUE,EQ,126.26,126.4,125.63,126.0,126.29,126.6,7620,960479.96,98
2026-08-18,INF179KC1HW4,HDFCPSUBK,EQ,87.0,88.51,86.98,87.17,86.98,87.93,46940,4117885.38,220
2026-08-18,INE759V01019,HEADSUP,EQ,6.69,6.82,6.32,6.67,6.61,6.69,24061,158442.16,190
2026-08-18,INE019J01013,HEALTHX,EQ,287.55,295.9,287.5,288.5,294.7,291.5,3922,1136060.15,114
2026-08-18,INE075I01017,HCG,EQ,717.0,721.9,707.0,713.65,713.0,712.35,101694,72568787.7,9208
2026-08-18,INE558R01013,HECPROJECT,EQ,118.05,124.74,118.05,119.3,119.45,119.89,15932,1933333.42,332
2026-08-18,INE545A01024,HEG,EQ,697.5,749.0,696.0,739.25,744.2,698.3,5430733,3980501044.15,90350
2026-08-18,INE578A01017,HEIDELBERG,EQ,161.0,161.79,159.81,160.06,160.0,160.22,82281,13216158.77,1264
2026-08-18,INE0AJG01018,HEMIPROP,EQ,134.0,134.5,132.0,132.33,132.39,134.27,235829,31343270.23,1865
2026-08-18,INE694N01015,HERANBA,EQ,167.0,167.55,161.0,161.83,161.64,166.23,56731,9226879.53,1630
2026-08-18,INE978A01027,HERITGFOOD,EQ,364.3,366.4,356.25,359.6,359.25,363.65,164947,59376009.2,5120
2026-08-18,INE158A01026,HEROMOTOCO,EQ,5745.0,5778.0,5694.5,5745.5,5745.5,5745.0,485939,2784423479.5,43032
2026-08-18,INE782E01017,HESTERBIO,EQ,2418.8,2496.0,2408.6,2451.2,2413.5,2417.6,5947,14665647.9,1274
2026-08-18,INE750M01017,HEXATRADEX,EQ,157.7,160.65,157.0,158.68,159.58,157.31,2060,325800.7,47
2026-08-18,INE0JUI01012,HEXAGON,BE,63.25,66.41,63.02,66.41,66.41,63.25,468436,30455803.65,1335
2026-08-18,INE093A01041,HEXT,EQ,562.0,568.75,550.2,552.75,551.4,561.0,84816,47113823.55,5592
2026-08-18,INE548A01028,HFCL,EQ,218.01,230.47,218.01,230.03,230.47,219.5,35739264,8159363077.62,104543
2026-08-18,INE0PIC01017,HIGREEN,SM,132.95,133.0,130.0,131.85,131.0,134.2,32800,4330920.0,38
2026-08-18,INE106T01025,HITECH,EQ,78.48,78.98,77.5,77.98,78.0,78.43,359333,28013111.33,3307
2026-08-18,INE00RL01028,HILINFRA,EQ,45.5,46.9,45.41,46.3,46.25,44.46,292136,13494489.63,2228
2026-08-18,INE475B01022,HIKAL,EQ,213.0,217.5,212.12,217.18,216.55,212.81,138405,29795021.05,3262
2026-08-18,INE788H01017,HILTON,BE,20.14,20.42,19.98,20.26,20.29,20.14,75863,1528653.79,219
2026-08-18,INE019C01026,HSCL,EQ,786.95,789.8,768.5,781.8,777.0,787.4,3303592,2571391582.45,36373
2026-08-18,INE049A01027,HIMATSEIDE,EQ,70.64,72.61,70.64,71.17,71.06,70.5,689377,49392809.32,5980
2026-08-18,INE227B01019,HINDALUMI,EQ,107.5,107.5,98.0,98.95,99.0,99.17,3908,392935.64,114
2026-08-18,INE038A01020,HINDALCO,EQ,1048.95,1050.6,1038.0,1041.6,1041.6,1049.9,2525385,2633004703.25,65786
2026-08-18,INE642Y01029,HINDCON,EQ,22.13,22.7,22.13,22.61,22.68,22.13,21792,492026.77,138
2026-08-18,INE05X901010,HPIL,EQ,127.0,130.85,127.0,130.06,130.15,127.35,3025,392422.69,47
2026-08-18,INE170I01016,HGS,EQ,410.0,413.8,403.5,406.95,407.0,413.05,12685,5167257.85,817
2026-08-18,INE074C01013,HINDADH,EQ,372.9,402.65,361.0,385.45,384.1,335.55,246790,96818142.65,6139
2026-08-18,INE066F01020,HAL,EQ,5067.4,5120.0,5039.0,5099.0,5099.0,5059.0,1238546,6309933776.7,87650
2026-08-18,INE310C01029,HINDCOMPOS,EQ,411.65,412.1,408.0,409.05,409.0,409.55,2054,841545.55,165
2026-08-18,INE549A01026,HCC,EQ,20.33,20.56,19.9,20.04,20.07,20.33,11759100,236671733.62,15931
2026-08-18,INE531E01026,HINDCOPPER,EQ,568.6,576.7,555.55,566.35,566.5,572.65,15501582,8793702221.7,176523
2026-08-18,INE254N01026,HNDFDS,EQ,615.0,640.9,608.0,635.6,635.55,608.45,265619,166529671.25,17303
2026-08-18,INE871K01015,HMVL,BE,91.5,94.8,88.01,94.49,94.0,90.97,36380,3373198.13,234
2026-08-18,INE345A01011,HINDOILEXP,EQ,155.99,159.5,154.84,156.49,156.77,154.89,613233,96451877.63,7316
2026-08-18,INE094A01015,HINDPETRO,EQ,368.9,373.75,365.95,366.0,366.0,371.0,5320731,1965321686.85,90232
2026-08-18,INE030A01027,HINDUNILVR,EQ,2055.0,2060.0,2034.9,2035.0,2035.0,2055.0,1234596,2520007819.1,66985
2026-08-18,INE267A01025,HINDZINC,EQ,569.1,569.1,558.0,558.0,558.0,567.5,2256802,1270057593.15,32306
2026-08-18,INE05AN01011,HINDWAREAP,EQ,197.63,200.7,196.25,199.89,199.8,197.63,84276,16743013.04,1575
2026-08-18,INE835D01023,HIRECT,EQ,1250.0,1266.0,1245.1,1261.0,1262.0,1258.6,33411,42039071.7,2003
2026-08-18,INE598C01011,HISARMETAL,EQ,154.9,156.0,148.0,153.4,154.0,152.44,1846,281699.92,83
2026-08-18,INE07Y701011,POWERINDIA,EQ,35580.0,35580.0,35200.0,35275.0,35275.0,35450.0,47426,1676377755.0,15785
2026-08-18,INE120D01012,HITECHCORP,BE,329.95,335.0,327.1,331.0,331.05,330.15,7979,2642017.1,89
2026-08-18,INE461D01028,HLEGLAS,EQ,306.1,314.6,303.5,306.2,305.3,314.6,459971,140647809.1,13260
2026-08-18,INE102A01024,HLVLTD,EQ,6.72,6.72,6.65,6.7,6.71,6.73,138213,925633.38,418
2026-08-18,INE0ECP01024,HMAAGRO,EQ,22.9,24.0,21.93,22.02,22.18,22.95,9306605,209156161.59,13183
2026-08-18,INE262A01018,HMT,BZ,61.5,61.99,60.55,60.96,61.47,60.28,7385,453492.63,133
2026-08-18,INE0S6S01017,HOACFOODS,ST,810.0,815.0,810.0,810.0,810.0,810.0,3000,2441250.0,8
2026-08-18,INE481N01025,HOMEFIRST,EQ,1181.0,1184.2,1170.0,1177.1,1183.0,1179.9,280836,330398208.4,6829
2026-08-18,INE0J5401028,HONASA,EQ,480.0,485.7,470.05,474.6,474.1,481.65,1909931,907894019.2,41667
2026-08-18,INE634A01018,HONDAPOWER,EQ,2145.0,2149.0,2092.2,2111.2,2116.0,2138.1,5719,12115004.3,859
2026-08-18,INE671A01010,HONAUT,EQ,36970.0,36970.0,36105.0,36400.0,36400.0,36400.0,3269,119109110.0,2188
2026-08-18,INE191I01012,HDIL,BZ,1.49,1.55,1.49,1.53,1.54,1.53,91493,139618.92,153
2026-08-18,INE0GSL01024,HPAL,EQ,35.79,35.79,34.51,34.67,34.53,35.64,43228,1512733.61,495
2026-08-18,INE0VA601019,HPTL,SM,325.0,325.2,325.0,325.2,325.2,309.75,6000,1951080.0,6
2026-08-18,INE495S01016,HPL,EQ,310.0,318.9,310.0,314.4,314.0,312.35,86613,27279766.35,2563
2026-08-18,INE0R3501012,HRHNEXT,SM,26.05,26.1,26.05,26.1,26.1,24.95,4500,117300.0,3
2026-08-18,INF336L01RX2,HSBCGOLD,EQ,133.16,133.3,132.66,133.21,133.21,133.16,2175,289097.01,99
2026-08-18,INE031A01017,HUDCO,EQ,187.9,189.4,186.4,188.01,187.35,189.01,1134421,212469913.01,20559
2026-08-18,INE501G01024,HTMEDIA,EQ,26.0,27.0,25.89,26.78,26.8,25.77,124006,3309035.62,999
2026-08-18,INE703H01016,HUBTOWN,EQ,182.91,183.59,179.57,180.52,182.8,182.91,231892,41999599.47,2536
2026-08-18,INE275B01026,HUHTAMAKI,EQ,279.9,279.9,275.1,276.0,275.15,279.1,80485,22301556.4,1952
2026-08-18,INE0TO501019,HVAX,SM,600.0,600.0,600.0,600.0,600.0,609.0,3000,1800000.0,15
2026-08-18,INE965B01022,HYBRIDFIN,BE,17.0,18.0,17.0,17.68,17.68,17.41,4400,75280.81,29
2026-08-18,INE0V6F01027,HYUNDAI,EQ,2179.1,2221.9,2179.0,2186.0,2186.0,2190.0,474077,1044729368.5,27319
2026-08-18,INE204A01010,IGPL,EQ,474.8,488.4,472.8,479.95,481.0,472.8,134261,64737664.5,4032
2026-08-18,INE684B01029,ISTLTD,EQ,660.0,660.0,650.0,652.2,652.2,666.9,51,33477.4,14
2026-08-18,INE0O7401018,IBLFL,SM,58.55,58.55,58.55,58.55,58.55,61.0,2000,117100.0,1
2026-08-18,INE0XE501015,ICELCO,SM,135.1,145.0,135.0,143.35,142.6,140.1,62400,8756580.0,42
2026-08-18,INE613B01010,ICDSLTD,EQ,42.0,42.0,38.81,40.38,40.99,40.47,1288,51408.76,34
2026-08-18,INE520Y01019,ICEMAKE,EQ,716.0,758.8,711.0,728.25,727.1,722.45,100040,73346099.5,6561
2026-08-18,INE090A01021,ICICIBANK,EQ,1410.0,1416.6,1406.3,1412.0,1412.0,1415.3,8345198,11773283117.6,116562
2026-08-18,INE765G01017,ICICIGI,EQ,1626.3,1637.5,1615.2,1623.8,1623.8,1626.3,625804,1016423386.3,31688
2026-08-18,INF109KC19U5,LOWVOLIETF,EQ,22.76,22.76,22.31,22.36,22.45,22.51,874266,19549248.5,1054
2026-08-18,INE726G01019,ICICIPRULI,EQ,503.85,510.6,498.2,498.2,498.2,507.0,1584467,800746671.5,17243
2026-08-18,INF109KC10W0,MIDSELIETF,EQ,19.95,19.98,19.82,19.88,19.91,19.95,189458,3765688.77,531
2026-08-18,INF109KC16V9,NIF100IETF,EQ,28.55,28.55,28.28,28.38,28.45,28.55,57690,1636548.43,1239
2026-08-18,INF109K012R6,NIFTYIETF,EQ,269.58,276.56,269.58,274.6,274.85,276.5,317489,87271837.11,13215
2026-08-18,INF346A01034,SENSEXIETF,EQ,892.37,893.6,890.0,891.09,891.05,896.91,7037,6271673.31,352
2026-08-18,INE346A01027,ICICIAMC,EQ,3148.9,3148.9,3088.0,3106.0,3092.0,3136.0,215913,672528591.8,24670
2026-08-18,INF109KC1NT3,GOLDIETF,EQ,127.74,133.0,127.73,130.95,131.0,131.02,5613015,735538511.49,23566
2026-08-18,INF109KC11V0,NV20IETF,EQ,13.85,13.85,13.6,13.65,13.6,13.73,305133,4167609.04,1664
2026-08-18,INF109KB15Y7,ICICIB22,EQ,116.65,116.65,115.41,115.49,115.8,115.71,285944,33039886.23,2631
2026-08-18,INF109K1A021,CASHIETF,EQ,1075.75,1075.75,1075.73,1075.74,1075.73,1075.6,327549,352360723.52,105
2026-08-18,INF109K1A153,EVIETF,EQ,34.85,34.85,34.1,34.17,34.1,34.17,231371,7908742.79,649
2026-08-18,INF109KC18O0,GSEC10IETF,EQ,266.6,267.14,264.49,265.49,264.49,267.0,1076,284742.51,8
2026-08-18,INF109KC1V59,BSE500IETF,EQ,40.01,40.01,39.85,39.9,39.87,40.01,179861,7177572.76,1044
2026-08-18,INF109KC14A8,GSEC5IETF,EQ,66.66,66.86,66.15,66.15,66.15,66.33,793,52881.6,23
2026-08-18,INF109KC17V7,ALPL30IETF,EQ,28.33,28.33,28.19,28.27,28.26,28.33,677321,19138895.18,938
2026-08-18,INF109KC10V2,AUTOIETF,EQ,30.4,30.5,30.29,30.4,30.49,30.4,542346,16479924.47,1802
2026-08-18,INF109KC18U7,PVTBANIETF,EQ,27.66,27.71,27.55,27.67,27.64,27.74,1325673,36615702.25,1172
2026-08-18,INF109KC19O8,COMMOIETF,EQ,101.24,101.24,99.5,99.83,99.5,100.24,32633,3266216.94,516
2026-08-18,INF109KC1V42,CONSUMIETF,EQ,124.97,125.32,124.0,124.44,124.08,125.44,7620,950436.13,158
2026-08-18,INF109KC19V3,FMCGIETF,EQ,52.94,52.94,51.26,51.35,51.4,51.98,3930217,202062700.13,14110
2026-08-18,INF109KC16E5,INFRAIETF,EQ,97.92,97.92,96.01,96.53,96.14,96.95,52752,5094591.47,953
2026-08-18,INF109KC1KT9,LIQUIDIETF,EQ,1000.0,1000.01,999.99,999.99,1000.0,999.99,409155,409154672.71,238
2026-08-18,INF109KC11W8,MIDCAPIETF,EQ,24.33,24.37,24.2,24.26,24.33,24.33,633384,15362450.92,2400
2026-08-18,INF109KC17C7,MOM30IETF,EQ,32.03,32.03,31.61,31.66,31.67,31.72,435775,13803449.97,1582
2026-08-18,INF109KC1NS5,NEXT50IETF,EQ,78.92,79.0,78.26,78.69,78.6,78.92,390566,30767093.42,3813
2026-08-18,INF109KC1Q72,HEALTHIETF,EQ,168.59,169.79,167.47,168.95,169.2,168.59,54971,9293344.84,1063
2026-08-18,INF109KC18V5,QUAL30IETF,EQ,22.19,22.19,21.34,21.38,21.4,21.65,63621,1363371.15,418
2026-08-18,INF109KC1Y56,SILVERIETF,EQ,227.52,235.9,227.51,231.49,231.8,233.36,2327134,539147231.23,13760
2026-08-18,INF109KC16I6,ITIETF,EQ,34.37,34.37,33.6,33.66,33.75,34.27,556975,18802871.25,1760
2026-08-18,INF109K1A567,INSUREIETF,EQ,15.48,15.59,15.4,15.51,15.53,15.52,34980,541099.2,92
2026-08-18,INF109KC15I8,BANKIETF,EQ,59.19,59.32,58.83,58.98,59.05,59.38,191986,11324802.21,1325
2026-08-18,INF109KC19W1,METALIETF,EQ,13.3,13.3,13.04,13.08,13.1,13.24,8628498,113195820.61,9423
2026-08-18,INF109KC18W3,OILIETF,EQ,11.43,11.47,11.38,11.39,11.41,11.42,883307,10093691.42,1869
2026-08-18,INF109KC10S8,PSUBNKIETF,EQ,88.47,88.79,87.21,87.45,87.97,88.58,59958,5263724.32,791
2026-08-18,INF109K1A476,SMALLIETF,EQ,18.16,18.58,18.16,18.41,18.39,18.38,26559,488223.88,119
2026-08-18,INF109K1A344,TOP15IETF,EQ,9.97,9.98,9.94,9.97,9.98,10.02,61410,611930.42,172
2026-08-18,INF109KC16X5,VAL30IETF,EQ,15.77,15.77,15.25,15.29,15.28,15.39,143803,2201106.77,571
2026-08-18,INF109KC17L8,FINIETF,EQ,33.25,33.29,33.0,33.13,33.03,33.25,220406,7300570.62,1260
2026-08-18,INE725G01011,ICRA,EQ,5050.0,5082.0,4954.0,4975.6,4956.5,5052.7,21643,108434142.1,3196
2026-08-18,INE008A01015,IDBI,EQ,82.0,82.54,81.0,81.11,81.09,82.18,1964380,160220846.99,14575
2026-08-18,INE349Y01013,IDEAFORGE,EQ,780.0,834.85,780.0,834.85,834.85,795.1,858864,711454506.85,19035
2026-08-18,INE0T9I01011,IDEALTECHO,SM,189.0,189.0,189.0,189.0,189.0,186.95,500,94500.0,1
2026-08-18,INE0TD101011,IDENTICAL,SM,15.6,15.6,15.25,15.4,15.25,15.8,4000,61700.0,2
2026-08-18,INE092T01019,IDFCFIRSTB,EQ,85.0,85.47,84.6,84.76,84.76,85.05,8806133,747824885.89,43609
2026-08-18,INE076C01018,IFBAGRO,EQ,1038.15,1052.95,1015.1,1027.45,1015.3,1038.15,5571,5748833.15,380
2026-08-18,INE559A01017,IFBIND,EQ,1389.0,1424.0,1371.2,1416.4,1419.9,1386.0,75848,106764813.0,8302
2026-08-18,INE039A01010,IFCI,EQ,78.97,81.8,78.36,81.36,81.5,78.93,49975029,4035463692.95,125617
2026-08-18,INE133Y01011,IFGLEXPOR,EQ,219.89,229.0,215.01,222.83,220.1,218.97,25164,5536355.74,1175
2026-08-18,INE01XO07017,1225IFL27,N0,6700.0,6701.0,6310.0,6700.55,6700.0,6999.0,20,132936.0,9
2026-08-18,INE188B01013,IGARASHI,EQ,456.0,460.8,441.3,450.4,451.5,454.9,106671,47892246.05,3982
2026-08-18,INE530B07658,837IIFL28,Y4,981.25,990.0,981.25,990.0,990.0,981.25,146,144452.5,2
2026-08-18,INE530B07617,870IIFL28,Y7,1032.87,1032.87,1032.87,1032.87,1032.87,1015.0,146,150799.02,1
2026-08-18,INE530B07484,960IIFL30,Y2,1000.0,1000.0,1000.0,1000.0,1000.0,1049.0,1000,1000000.0,14
2026-08-18,INE530B07476,975IIFL28,Y0,1040.57,1040.57,1040.57,1040.57,1040.57,1023.0,106,110300.42,1
2026-08-18,INE489L01022,IIFLCAPS,EQ,334.4,336.4,333.7,335.05,335.4,334.55,157511,52731039.45,4051
2026-08-18,INE530B01024,IIFL,EQ,630.0,640.4,620.0,622.35,622.0,630.05,1373767,863870320.2,23520
2026-08-18,INE530B07641,IIFL06326,YC,985.2,985.2,985.2,985.2,985.2,980.0,10,9852.0,1
2026-08-18,INE0LOJ01019,IKIO,EQ,200.25,202.71,196.36,196.99,196.41,201.74,127812,25343148.73,2830
2026-08-18,INE369I01014,IL&FSENGG,BZ,36.55,37.57,36.55,37.57,37.57,35.79,25615,959737.59,54
2026-08-18,INE050B01023,IVC,EQ,8.42,8.42,8.15,8.21,8.22,8.32,229288,1884490.28,758
2026-08-18,INE975G01012,IL&FSTRANS,BZ,2.03,2.13,2.03,2.09,2.09,2.08,17035,35407.3,63
2026-08-18,INE172N01012,IMAGICAA,EQ,47.06,47.19,46.01,46.14,46.01,47.06,230513,10728464.58,1531
2026-08-18,INE691G01015,IMPEXFERRO,BZ,3.71,3.71,3.71,3.71,3.71,3.64,14487,53746.77,9
2026-08-18,INE452L01012,INCREDIBLE,EQ,31.5,32.74,31.28,31.37,31.37,31.84,1078,35056.54,21
2026-08-18,INE547E01014,IMPAL,EQ,1083.1,1115.8,1069.4,1109.4,1110.1,1083.1,2623,2884103.2,298
2026-08-18,INE915B01019,INDSWFTLAB,EQ,317.95,351.3,316.9,346.87,350.0,313.02,5070310,1712483273.5,77497
2026-08-18,INE611L01021,INDTERRAIN,EQ,32.34,32.34,30.5,30.55,30.5,31.06,17009,524580.43,261
2026-08-18,INE841B01017,INDBANK,EQ,32.8,32.8,32.0,32.15,32.11,32.38,44694,1445145.75,238
2026-08-18,INE0O9T01021,BAJAJINDEF,EQ,216.04,218.99,212.66,213.13,214.3,215.32,11903,2552758.46,486
2026-08-18,INE065X01017,INDGN,EQ,556.3,569.5,556.3,567.7,568.65,561.75,161896,91464924.8,10251
2026-08-18,INE560A01023,INDIAGLYCO,EQ,1070.9,1164.3,1070.9,1139.2,1136.4,1070.9,2053627,2348948248.0,75918
2026-08-18,INE092B01025,INDNIPPON,EQ,1138.6,1142.9,1108.3,1120.3,1125.0,1138.5,15685,17590652.6,1928
2026-08-18,INE0D6701023,IPL,EQ,140.0,141.52,138.0,138.19,138.45,141.05,129973,18085262.7,2452
2026-08-18,INE922K01024,INDIASHLTR,EQ,674.0,674.0,661.2,669.05,669.95,674.75,80555,53751562.3,8106
2026-08-18,INE353K01014,ITDC,EQ,698.3,703.55,688.0,692.95,690.3,698.3,85619,59364848.4,5558
2026-08-18,INE126M01010,IBULLSLTD,EQ,27.85,29.22,26.67,26.98,26.92,27.83,26107565,742171120.5,27218
2026-08-18,INE933S01016,INDIAMART,EQ,1767.2,1785.9,1737.4,1753.1,1749.1,1770.0,104847,183859566.7,26395
2026-08-18,INE562A01011,INDIANB,EQ,874.0,887.0,874.0,875.0,875.0,881.2,467243,411196356.95,16941
2026-08-18,INE061A01014,INDIANCARD,EQ,216.1,220.78,210.7,219.43,220.78,216.07,3822,831059.72,67
2026-08-18,INE0RRU01016,IEML,SM,41.9,41.9,40.0,40.35,40.7,40.45,39500,1607150.0,58
2026-08-18,INE022Q01020,IEX,EQ,124.6,125.49,123.75,124.4,124.4,125.3,1978111,246153180.93,25659
2026-08-18,INE323C01030,INDIANHUME,EQ,363.6,367.7,355.7,360.15,357.25,362.55,26224,9471938.3,1462
2026-08-18,INE919H01018,IMFA,EQ,1405.6,1423.0,1384.0,1418.4,1419.8,1398.7,78872,111061051.4,9562
2026-08-18,INE242A01010,IOC,EQ,138.12,139.2,137.75,137.8,137.8,138.61,8312830,1151049615.41,60357
2026-08-18,INE565A01014,IOB,EQ,33.7,33.76,33.16,33.27,33.2,33.66,2089649,69787979.44,9339
2026-08-18,INE0DHF01018,IPHL,SM,70.1,72.5,70.0,71.9,71.9,68.7,42000,2994600.0,33
2026-08-18,INE335Y01020,IRCTC,EQ,499.95,501.0,492.0,493.05,492.5,499.95,592203,293171462.25,24988
2026-08-18,INE053F01010,IRFC,EQ,86.76,87.56,86.05,86.11,86.11,87.05,5607787,484701153.01,39323
2026-08-18,INE202E01016,IREDA,EQ,116.85,117.11,115.27,115.27,115.27,116.85,2772666,321005668.79,21528
2026-08-18,INE586E01020,IWP,EQ,34.0,34.05,33.81,33.81,33.81,34.48,2872,97405.04,26
2026-08-18,INE09VQ01012,INDIGOPNTS,EQ,1161.0,1169.5,1134.3,1150.8,1152.9,1161.0,121042,139210023.7,10005
2026-08-18,INE219X23014,INDIGRID,IV,176.0,177.0,175.65,176.97,176.8,176.98,485647,85883067.79,9650
2026-08-18,INE06ST01018,INDIQUBE,EQ,179.51,190.0,178.58,187.12,188.95,178.63,118008,21817634.9,2490
2026-08-18,INE760F01028,INDOAMIN,BE,125.0,125.89,120.0,121.11,122.75,123.79,73191,9002318.56,765
2026-08-18,INE803D01021,INDOBORAX,EQ,421.9,436.45,417.0,433.15,431.7,420.25,146390,62963710.05,6458
2026-08-18,INE483B01026,ICIL,EQ,388.7,462.0,387.05,437.7,435.9,388.7,25217573,11162630290.4,284081
2026-08-18,INE622H01018,INDOFARM,EQ,144.15,148.48,141.82,143.33,143.95,144.1,100822,14545859.72,1840
2026-08-18,INE156A01020,INDORAMA,EQ,54.2,59.29,54.1,56.81,56.21,54.76,1115047,64157082.84,7175
2026-08-18,INE332H01014,INDOTECH,EQ,3634.9,3788.8,3617.0,3788.8,3788.8,3608.4,25073,94388553.9,1885
2026-08-18,INE337M01021,INDOTHAI,EQ,69.57,69.57,69.57,69.57,69.57,73.23,20979,1459509.03,391
2026-08-18,INE250Z01010,INDOUS,EQ,89.99,89.99,84.8,87.0,88.5,84.75,17991,1579309.35,743
2026-08-18,INE084101034,INDOMIM,EQ,910.0,952.75,905.0,952.75,952.75,866.15,10246021,9660294517.95,143239
2026-08-18,INE567A01028,NIPPOBATRY,EQ,331.3,333.3,328.0,329.1,328.5,331.3,1475,486892.55,106
2026-08-18,INE873D01024,INDOCO,EQ,218.74,223.48,217.41,221.16,221.5,218.74,55379,12241714.88,1540
2026-08-18,INE05J901018,IGCL,EQ,71.6,72.79,71.31,72.09,71.7,71.38,62330,4497077.96,554
2026-08-18,INE716F01012,INDOKEM,EQ,640.0,640.0,572.0,585.5,584.0,590.55,3563,2076325.2,201
2026-08-18,INE866K01023,WAAREEINDO,EQ,300.65,302.4,296.0,297.55,298.65,300.35,30065,8977139.5,1168
2026-08-18,INE896L01010,INDOSTAR,EQ,247.0,257.4,246.55,251.4,250.15,247.15,150009,37979625.95,3385
2026-08-18,INE227G01018,INDOWIND,EQ,8.87,8.87,7.9,8.39,8.39,8.74,330267,2767072.43,1194
2026-08-18,INE203G01027,IGL,EQ,151.0,151.58,149.1,149.39,149.5,151.0,755290,113502583.1,17478
2026-08-18,INE681B01017,INDRAMEDCO,EQ,370.0,370.95,364.95,368.95,368.0,369.75,135013,49581300.95,3813
2026-08-18,INE0NHL23019,INDUSINVIT,IV,134.85,134.85,132.05,133.23,133.1,133.97,319412,42683159.66,7488
2026-08-18,INE121J01017,INDUSTOWER,EQ,378.8,379.8,371.5,372.4,372.4,380.0,4522943,1690458552.65,48146
2026-08-18,INE095A01012,INDUSINDBK,EQ,1007.0,1019.5,1007.0,1015.0,1015.0,1010.6,539358,546945682.0,20140
2026-08-18,INE620D01011,INDPRUD,EQ,6200.5,6250.0,6141.0,6198.0,6187.5,6203.0,51,316080.5,15
2026-08-18,INE886A01014,IITL,EQ,149.9,150.3,147.02,148.09,150.3,150.35,91829,13690819.77,546
2026-08-18,INE0MRE01011,INFINIUM,SM,247.5,247.5,241.0,243.1,244.35,239.4,3500,849775.0,6
2026-08-18,INE0MYZ01012,INFLUX,SM,295.0,301.0,295.0,298.7,298.1,297.9,44400,13229880.0,40
2026-08-18,INE663F01032,NAUKRI,EQ,1345.0,1368.8,1331.1,1354.9,1354.9,1355.8,1540395,2091872110.5,45154
2026-08-18,INE344S01016,INFOBEAN,EQ,158.67,159.89,157.0,158.03,157.51,160.15,151945,24026248.89,2688
2026-08-18,INE0NNZ01013,INFOLLION,SM,159.9,160.1,153.05,154.75,155.0,156.25,15200,2415480.0,28
2026-08-18,INE669A01022,INFOMEDIA,EQ,5.48,5.49,4.88,5.17,5.47,5.26,25231,129915.45,65
2026-08-18,INE009A01021,INFY,EQ,1124.5,1131.9,1112.5,1115.0,1115.0,1139.9,8851110,9884751133.5,197181
2026-08-18,INE177A01018,INGERRAND,EQ,4477.3,4725.0,4477.3,4691.0,4698.0,4477.2,47469,220660951.8,8574
2026-08-18,INE0S1D01010,INNOMET,ST,218.65,218.65,218.65,218.65,218.65,214.4,51000,11151150.0,50
2026-08-18,INE0DUT01020,INNOVACAP,EQ,1030.1,1059.7,1030.1,1043.0,1040.2,1038.45,27162,28494339.4,5377
2026-08-18,INE403Y01018,INNOVANA,EQ,306.05,315.0,290.0,305.25,306.8,307.15,29791,8995961.4,408
2026-08-18,INE070Y01023,ITTL,ST,65.5,65.5,65.5,65.5,65.5,66.6,105,6877.5,1
2026-08-18,INE0ADB01012,INNOVISION,EQ,275.05,280.45,273.5,274.1,273.5,276.9,13425,3702474.1,648
2026-08-18,INE510W01014,INOXGREEN,EQ,182.0,182.19,177.41,179.66,178.5,181.54,1588891,284495758.64,7386
2026-08-18,INE616N01034,INOXINDIA,EQ,1949.9,1978.0,1920.0,1958.1,1959.0,1950.8,139702,272517286.5,21839
2026-08-18,INE066P01011,INOXWIND,EQ,78.0,78.19,74.69,74.95,74.95,78.13,18198825,1377919845.75,57561
2026-08-18,INE070I01018,INSECTICID,EQ,618.7,625.0,612.0,619.5,624.5,618.7,9791,6066969.2,775
2026-08-18,INE0LGX01024,INA,EQ,98.68,99.15,93.85,94.86,95.19,98.41,697214,66790324.53,6420
2026-08-18,INE020G01017,INSPIRISYS,BE,90.0,91.97,88.01,91.49,91.49,91.6,2317,208507.52,47
2026-08-18,INE418N01035,ESSENTIA,EQ,1.26,1.26,1.26,1.26,1.26,1.32,783375,987052.5,495
2026-08-18,INE306R01017,INTELLECT,EQ,695.45,702.6,685.65,695.95,692.8,695.45,334407,232148021.8,16485
2026-08-18,INE781A01025,INTENTECH,EQ,79.0,82.0,79.0,80.34,79.2,79.81,34413,2786063.9,1397
2026-08-18,INE00M901018,INTERARCH,EQ,1738.8,1739.3,1715.8,1725.1,1719.0,1738.8,32697,56498594.6,2331
2026-08-18,INE646L01027,INDIGO,EQ,5220.0,5238.0,5138.0,5220.0,5220.0,5275.5,554778,2892101390.5,56263
2026-08-18,INE0OPC01015,INM,SM,164.05,164.05,164.05,164.05,164.05,164.05,600,98430.0,1
2026-08-18,INE575C01027,INTLCONV,EQ,78.9,79.03,75.81,76.79,76.25,79.06,59790,4623347.24,993
2026-08-18,INE0Q9301021,IGIL,EQ,353.05,355.1,346.5,349.7,348.35,355.15,608062,212932336.55,15199
2026-08-18,INE566K01011,ISFT,EQ,82.25,83.47,80.25,80.31,80.41,82.25,110158,8944945.78,494
2026-08-18,INE878H01024,INVENTURE,EQ,0.91,0.91,0.9,0.9,0.91,0.9,475512,429085.7,271
2026-08-18,INE115Q01022,IKS,EQ,1830.2,1875.0,1823.0,1861.6,1863.0,1830.2,129336,238433546.4,16556
2026-08-18,INF205KA1BP1,IVZINGOLD,EQ,133.25,133.45,132.5,132.8,133.15,133.25,9093,1208848.1,140
2026-08-18,INF205KA1CC7,IVZINNIFTY,EQ,278.92,278.92,277.41,277.59,277.59,279.22,726,201772.64,33
2026-08-18,INE155E01016,INVPRECQ,BE,1220.0,1256.5,1166.0,1256.5,1256.5,1196.7,17094,21252344.4,436
2026-08-18,INE0XJ501010,INVICTA,SM,71.0,71.0,66.5,67.05,68.0,73.0,67200,4545680.0,31
2026-08-18,INE485C01029,IOLCP,EQ,161.28,162.25,157.8,159.19,158.9,161.28,1213444,193950862.49,11521
2026-08-18,INE570A01022,IONEXCHANG,EQ,374.0,378.7,369.0,370.3,370.0,374.45,218689,81433103.8,8850
2026-08-18,INE558A01019,IPRINGLTD,EQ,138.5,153.0,138.0,143.07,140.17,134.0,2174,313757.73,140
2026-08-18,INE571A01038,IPCALAB,EQ,1877.1,1919.0,1862.3,1882.1,1878.0,1884.6,804532,1522041413.6,45680
2026-08-18,INE821I01022,IRB,EQ,19.16,19.17,19.02,19.03,19.04,19.17,6032637,115028124.91,16358
2026-08-18,INE183W23014,IRBINVIT,IV,64.81,65.0,63.91,64.08,63.97,64.49,671668,43332944.12,5181
2026-08-18,INE962Y01021,IRCON,EQ,124.2,124.7,123.1,123.62,123.54,124.57,946997,117318737.02,11906
2026-08-18,INE202E07138,880IREDA29,N5,1117.0,1120.0,1117.0,1120.0,1120.0,1114.5,82,91834.0,4
2026-08-18,INE202E07153,880IREDA34,N6,1279.0,1279.0,1279.0,1279.0,1279.0,1279.0,30,38370.0,1
2026-08-18,INE01GN01025,IRISDOREME,EQ,58.89,59.3,57.66,59.0,59.16,58.3,1095844,64191286.83,2620
2026-08-18,INE864K01010,IRIS,EQ,250.0,257.74,240.1,250.17,252.0,246.76,70425,17632007.3,1258
2026-08-18,INE07U701015,IRMENERGY,EQ,288.0,293.7,288.0,290.25,289.1,292.1,46575,13496939.75,1824
2026-08-18,INE413U07442,925ISF28,N0,9790.0,9794.0,9790.0,9794.0,9794.0,9800.0,20,195840.0,2
2026-08-18,INE413U07467,925ISF29,N0,9793.0,9793.0,9793.0,9793.0,9793.0,9790.0,7,68551.0,1
2026-08-18,INE413U07426,950ISF27C,N0,9903.0,9995.0,9885.0,9995.0,9995.0,9885.0,34,337280.0,4
2026-08-18,INE413U07434,965ISF28,N0,101112.81,101112.81,101112.81,101112.81,101112.81,100376.33,1,101112.81,1
2026-08-18,INE413U07418,975ISF28,N0,98400.0,100125.0,98400.0,100112.0,100125.0,96611.0,17,1676224.0,3
2026-08-18,INE858B01029,ISGEC,EQ,746.05,794.7,740.5,782.2,784.5,746.85,134385,104686363.35,11624
2026-08-18,INE561M01018,ISHANCH,EQ,47.9,49.56,46.55,47.04,46.75,47.33,142217,6856885.12,667
2026-08-18,INE379A01028,ITCHOTELS,EQ,166.0,166.15,164.0,164.43,164.16,166.36,817909,135009712.32,14976
2026-08-18,INE154A01025,ITC,EQ,273.05,273.65,269.15,270.0,270.0,273.05,14561572,3946338732.7,216235
2026-08-18,INE248A01017,ITI,EQ,276.1,282.0,274.25,280.35,280.85,277.25,233923,65192953.7,6525
2026-08-18,INE478D01014,ITL,EQ,327.0,327.0,312.85,320.05,327.0,318.4,1147,368067.85,42
2026-08-18,INE056801025,IVALUE,EQ,275.6,284.35,275.6,280.3,278.9,279.1,231932,64881035.45,6225
2026-08-18,INE043C01018,IVP,BE,174.0,177.7,174.0,175.84,177.0,177.98,4686,824018.17,52
2026-08-18,INE1AII01014,IWARE,ST,436.7,443.8,436.7,441.9,443.8,435.4,6000,2643600.0,9
2026-08-18,INE848A01014,IZMO,EQ,912.0,929.0,885.0,903.9,915.0,916.25,112287,100937254.75,8442
2026-08-18,INE168A01041,J&KBANK,EQ,148.1,151.75,147.68,150.24,150.4,147.97,2545070,381576081.79,29494
2026-08-18,INE0MB501011,JGCHEM,EQ,605.0,652.4,602.15,645.85,645.0,600.8,873029,554141177.95,28342
2026-08-18,INE199G01027,JAGRAN,EQ,61.92,62.28,61.4,61.56,61.57,61.92,184646,11411814.61,2078
2026-08-18,INE048B01035,JAGSNPHARM,EQ,233.53,241.3,229.15,230.89,230.98,233.53,245501,57725490.74,6181
2026-08-18,INE091G01026,JAIBALAJI,EQ,69.5,70.79,66.47,67.82,67.85,69.96,1512483,102858614.54,3650
2026-08-18,INE070D01027,JAICORPLTD,EQ,101.4,101.79,99.8,100.08,99.99,101.2,246778,24812006.57,2306
2026-08-18,IN9175A01010,JISLDVREQS,EQ,21.0,21.75,20.82,21.01,20.82,21.28,1341,28240.61,33
2026-08-18,INE175A01038,JISLJALEQS,EQ,27.66,27.82,27.41,27.53,27.6,27.73,1122421,30913772.89,4617
2026-08-18,INE0YD401026,JAINREC,EQ,303.0,303.3,295.8,296.2,296.0,301.9,543084,161789391.2,14572
2026-08-18,INE0XIL01012,JAINIK,SM,204.0,210.8,204.0,208.0,208.0,210.95,6000,1247160.0,5
2026-08-18,INE351F01018,JPPOWER,EQ,17.3,17.4,17.27,17.32,17.31,17.39,17435781,301972329.08,29556
2026-08-18,INE349X01015,JALAN,ST,1.75,1.75,1.75,1.75,1.75,1.7,45000,78750.0,5
2026-08-18,INE039C01032,JAMNAAUTO,EQ,123.0,124.3,122.0,122.58,122.98,123.33,965973,118610887.05,7534
2026-08-18,INE953L01027,JSFB,EQ,548.55,579.0,542.0,575.0,575.0,548.85,899345,509332111.45,21293
2026-08-18,INE00YJ01010,JARO,EQ,451.2,461.7,443.0,445.5,443.8,449.1,136549,61424140.35,3924
2026-08-18,INE039O01029,JASH,EQ,480.0,485.75,475.0,476.6,478.05,480.5,64171,30737268.75,2812
2026-08-18,INE0SMY01017,JAYBEE,SM,82.9,84.95,81.35,82.3,82.1,82.7,16500,1367100.0,27
2026-08-18,INE571B01036,JAYBARMARU,EQ,129.25,132.0,127.1,130.42,130.5,127.72,265179,34602836.47,3234
2026-08-18,INE0J6801010,KORE,SM,130.05,164.95,130.0,160.0,160.0,151.4,2250,339225.0,7
2026-08-18,INE785A01026,JAYAGROGN,EQ,218.0,221.0,217.3,220.41,218.81,217.68,2797,613828.75,117
2026-08-18,INE854B01010,JAYNECOIND,EQ,88.69,91.2,88.05,90.23,90.6,88.31,2964260,266601485.38,21917
2026-08-18,INE1AE401014,JAYESH,SM,144.9,148.0,133.25,136.9,136.9,144.9,109000,15328800.0,28
2026-08-18,INE903A01025,JAYKAY,EQ,151.95,156.52,150.01,154.53,154.0,150.5,221637,34170609.5,4461
2026-08-18,INE364A01020,JAYSREETEA,EQ,88.33,89.7,87.1,87.85,88.15,88.32,43708,3889488.71,910
2026-08-18,INE927D01051,JBMA,EQ,621.45,626.55,617.0,619.85,620.3,621.35,138248,85747592.9,7016
2026-08-18,INE0J5801029,JSLL,EQ,510.05,518.0,505.5,507.95,507.0,517.3,426512,217971051.3,14609
2026-08-18,INE354A01013,JENBURPH,EQ,1065.0,1073.9,1040.2,1047.3,1067.6,1045.1,327,345360.9,45
2026-08-18,INE982V01025,JETFREIGHT,EQ,22.5,22.72,22.4,22.43,22.45,22.73,59999,1348761.78,235
2026-08-18,INE564T01017,JETKNIT,ST,56.4,56.4,56.4,56.4,56.4,59.35,750,42300.0,1
2026-08-18,INE0RXB01022,JEYYAM,ST,23.35,23.35,22.95,23.0,23.0,22.85,10000,231300.0,4
2026-08-18,INE0LA901015,JFLLIFE,SM,12.6,12.75,11.95,11.95,11.95,12.55,42000,511500.0,7
2026-08-18,INE544H01014,JHS,EQ,8.35,8.73,8.16,8.4,8.29,8.45,32343,272690.25,227
2026-08-18,INE03DD01011,RETAIL,EQ,18.29,18.3,17.5,18.13,18.19,18.23,2004,36291.59,43
2026-08-18,INE147P01019,JPOLYINVST,EQ,1012.2,1021.4,1001.1,1004.6,1002.0,1006.6,4365,4420346.1,433
2026-08-18,INE742C01031,JINDRILL,EQ,587.1,673.55,587.1,651.15,648.85,586.2,17885822,11722777138.35,318792
2026-08-18,INE796G01012,JINDALPHOT,EQ,1057.3,1098.0,1051.1,1065.9,1051.7,1057.6,2874,3086681.6,312
2026-08-18,INE197D01010,JINDALPOLY,EQ,665.0,668.05,644.05,646.65,649.0,665.65,15581,10210703.75,1184
2026-08-18,INE324A01032,JINDALSAW,EQ,270.65,270.9,266.0,268.65,270.25,270.4,546329,146522264.95,15032
2026-08-18,INE220G01021,JSL,EQ,744.0,756.0,728.2,732.4,732.8,744.0,658364,488813819.15,26017
2026-08-18,INE749A01030,JINDALSTEL,EQ,1119.0,1119.7,1100.0,1101.5,1101.5,1116.1,561974,622741326.1,27596
2026-08-18,INE247D01039,JINDWORLD,EQ,35.98,36.74,35.51,36.19,36.02,35.63,3082346,111279945.31,9845
2026-08-18,INE1FF001016,JKIPL,EQ,98.99,99.89,94.05,97.28,99.0,97.1,167738,16239716.23,806
2026-08-18,INE758E01017,JIOFIN,EQ,248.9,248.9,245.8,245.8,245.8,249.75,9238709,2278274214.0,60961
2026-08-18,INE863T01013,JITFINFRA,EQ,306.0,314.95,300.0,305.05,303.35,306.2,23697,7299183.1,1430
2026-08-18,INE823G01014,JKCEMENT,EQ,5338.0,5399.0,5322.0,5375.5,5355.0,5340.0,21124,113405145.0,5884
2026-08-18,INE786A01032,JKLAKSHMI,EQ,557.0,561.9,553.0,556.0,553.0,557.25,130440,72717538.75,12917
2026-08-18,INE789E01012,JKPAPER,EQ,381.4,394.9,375.0,385.45,385.15,380.75,560909,217140388.75,19578
2026-08-18,INE573A01042,JKTYRE,EQ,381.0,384.45,381.0,383.15,383.1,382.0,262707,100501272.4,7428
2026-08-18,INE576I01022,JKIL,EQ,509.0,514.9,500.1,502.9,502.0,509.65,82171,41682808.85,2961
2026-08-18,INE780C01023,JMFINANCIL,EQ,127.08,128.21,124.72,125.4,125.35,127.91,1377973,173766149.48,13950
2026-08-18,INE0OAF01028,JNKINDIA,EQ,472.7,473.7,461.0,463.95,466.9,476.35,166370,77359050.5,4475
2026-08-18,INE839G01010,JOCIL,BE,148.5,152.0,146.35,149.96,150.0,148.5,1867,278555.6,30
2026-08-18,INE515A01019,COCKERILL,EQ,8419.0,8550.0,8260.0,8361.5,8400.0,8419.0,12747,106585737.0,2855
2026-08-18,INE718I01012,JSWCEMENT,EQ,127.0,127.69,126.76,127.31,127.4,127.6,471590,60027931.81,8019
2026-08-18,INE133A01011,JSWDULUX,EQ,3156.4,3165.0,3088.0,3110.4,3099.0,3139.8,10435,32540402.2,3552
2026-08-18,INE121E01018,JSWENERGY,EQ,554.0,556.6,547.7,548.1,548.1,555.5,1195546,658209068.25,25798
2026-08-18,INE824G01012,JSWHL,EQ,11800.0,11918.0,11445.0,11489.0,11525.0,11798.0,2559,29645367.0,1092
2026-08-18,INE880J01026,JSWINFRA,EQ,334.45,336.9,327.5,328.65,329.2,335.4,1863660,617877072.7,44211
2026-08-18,INE019A01038,JSWSTEEL,EQ,1275.0,1285.8,1265.0,1267.6,1267.6,1277.8,719017,916382058.9,29042
2026-08-18,INE643A01035,JTEKTINDIA,EQ,130.1,133.3,129.4,130.04,130.2,130.18,133707,17533296.29,1882
2026-08-18,INE391J01032,JTLIND,EQ,75.5,76.03,74.52,74.8,74.95,75.33,858810,64741404.29,7104
2026-08-18,INE03CC01015,JUBLCPL,EQ,2362.4,2397.9,2142.0,2199.1,2153.0,2342.4,16482,37157972.3,1437
2026-08-18,INE797F01020,JUBLFOOD,EQ,509.85,510.6,496.4,500.55,500.55,511.5,2285057,1150382758.15,27526
2026-08-18,INE0BY001018,JUBLINGREA,EQ,733.7,737.85,722.75,726.7,729.5,732.8,135283,98436366.2,9217
2026-08-18,INE700A01033,JUBLPHARMA,EQ,863.95,873.9,860.0,866.0,864.1,866.95,174172,151301953.25,15280
2026-08-18,INE412C01023,JMA,EQ,89.0,89.5,86.5,87.56,88.5,89.2,20311,1789527.13,345
2026-08-18,INE05C901015,JNPR,EQ,242.18,245.95,238.84,240.59,240.3,241.68,823202,199131742.52,19455
2026-08-18,INE696F01016,JUNIPER,EQ,196.4,198.5,192.62,197.29,197.9,192.09,185085,36338749.68,4589
2026-08-18,INE682M01020,JLHL,EQ,314.0,320.55,310.15,318.2,318.05,315.15,229946,72764816.45,7638
2026-08-18,INE209L01016,JWL,EQ,250.2,253.6,250.0,250.7,251.0,252.65,295272,74136556.7,7874
2026-08-18,INE599M01018,JUSTDIAL,EQ,680.3,683.35,658.0,661.3,660.0,680.3,174469,116081729.6,8715
2026-08-18,INE668F01031,JYOTHYLAB,EQ,214.25,216.9,206.54,210.68,209.2,213.93,1642025,345426323.31,27838
2026-08-18,INE980O01024,JYOTICNC,EQ,870.0,947.9,860.05,929.2,940.0,857.95,5438972,4911871991.85,149767
2026-08-18,INE1M3T01017,JYOTIGLOBL,SM,37.55,41.0,37.55,41.0,41.0,39.1,14000,545100.0,7
2026-08-18,INE577D01013,JYOTIRES,EQ,855.3,869.95,850.0,859.85,863.95,855.5,3299,2836135.95,421
2026-08-18,INE197A01024,JYOTISTRUC,EQ,10.65,10.9,10.6,10.73,10.73,10.65,2337627,25085486.53,2960
2026-08-18,INE533C01018,KJMCFIN,EQ,62.85,62.85,56.21,61.99,61.99,58.85,3500,217085.3,30
2026-08-18,INE879K01018,KMCSHIL,EQ,143.49,146.0,141.0,141.97,142.7,143.13,217294,31078891.53,2659
2026-08-18,INE157H01023,KMSUGAR,EQ,30.19,32.2,30.0,31.38,31.49,29.79,973691,30461386.69,4750
2026-08-18,INE127T01021,KPEL,EQ,243.7,264.95,240.0,262.3,263.9,243.75,859476,219174846.5,17783
2026-08-18,INE0DEZ01013,K2INFRA,ST,50.15,50.25,49.65,49.9,49.85,50.0,7800,390150.0,12
2026-08-18,INE900B01029,KABRAEXTRU,EQ,522.95,522.95,504.25,512.6,509.0,520.5,124007,63539926.9,3974
2026-08-18,INE217B01036,KAJARIACER,EQ,1243.9,1249.3,1219.0,1225.8,1222.0,1251.6,120873,148757899.6,8462
2026-08-18,INE437B01014,KAKATCEM,EQ,109.5,113.75,109.0,112.75,111.0,109.49,3643,405004.25,84
2026-08-18,INE0T0L01014,KALANA,SM,20.8,21.0,20.8,21.0,21.0,20.0,16000,335200.0,8
2026-08-18,INE227J01012,KALPATARU,EQ,286.0,286.0,279.0,280.65,279.6,283.1,34751,9783779.45,1180
2026-08-18,INE220B01022,KPIL,EQ,1404.0,1413.4,1392.1,1403.5,1404.0,1404.2,132037,184836232.8,10413
2026-08-18,INE303R01014,KALYANKJIL,EQ,610.0,612.4,601.2,601.6,601.6,610.0,6089064,3686243276.0,69026
2026-08-18,INE314G01014,KALYANIFRG,EQ,654.75,665.95,634.95,639.2,650.0,651.7,2604,1677658.5,274
2026-08-18,INE029L01018,KICL,EQ,5252.5,5369.5,5252.5,5309.5,5295.0,5292.5,446,2365744.5,182
2026-08-18,INE907A01026,KSL,EQ,829.8,842.95,818.85,821.35,820.85,829.8,25115,20769044.25,1657
2026-08-18,INE411F01010,KAMAHOLD,EQ,2462.6,2474.8,2440.0,2448.5,2450.0,2456.4,5044,12366541.7,443
2026-08-18,INE344D01018,KAMANWALA,EQ,16.25,16.26,16.25,16.26,16.26,13.55,4545,73901.49,32
2026-08-18,INE967C01018,KAMATHOTEL,EQ,195.78,195.78,191.22,194.1,195.0,194.64,32808,6347050.0,996
2026-08-18,INE390H01020,KAMDHENU,BE,33.51,33.9,32.99,33.37,33.6,33.85,218408,7272447.11,739
2026-08-18,INE0BTI01037,KAMOPAINTS,EQ,4.57,4.57,4.3,4.38,4.38,4.43,308547,1356837.39,735
2026-08-18,INE879E01037,KANANIIND,EQ,1.51,1.52,1.35,1.49,1.5,1.5,347845,501988.8,353
2026-08-18,INE081G01019,KANCHI,EQ,372.0,376.0,364.0,374.0,373.0,377.65,3174,1179193.2,40
2026-08-18,INE398L01017,KANCOTEA,EQ,49.6,55.0,46.2,48.48,49.4,49.65,2063,104564.42,63
2026-08-18,INE0MOT01016,KANDARP,SM,99.0,101.0,98.2,100.0,100.0,97.1,108000,10717150.0,60
2026-08-18,INE138C01024,KANORICHEM,BE,151.0,153.45,145.65,149.51,149.79,151.3,22922,3396103.21,140
2026-08-18,INE694E01014,KANPRPLA,EQ,263.0,266.39,240.5,244.25,242.3,262.85,54440,13568272.12,1574
2026-08-18,INE531A01024,KANSAINER,EQ,205.8,207.63,200.11,201.05,201.99,205.8,177961,35973854.28,5378
2026-08-18,INE542Z01028,KAPSTON,EQ,528.0,549.85,525.0,528.4,535.0,522.7,93251,49567735.75,3590
2026-08-18,INE725L01011,KARMAENG,EQ,39.61,40.6,39.0,39.31,39.0,40.52,1117,44228.71,32
2026-08-18,INE614B01018,KTKBANK,EQ,304.2,313.2,304.2,310.75,310.55,306.5,2278077,706785267.95,55008
2026-08-18,INE0MGA01012,KARNIKA,SM,113.55,115.0,112.0,114.85,114.85,113.55,29000,3280750.0,11
2026-08-18,INE036D01028,KARURVYSYA,EQ,333.5,336.15,330.95,333.9,334.5,334.0,1036685,345514488.4,33052
2026-08-18,INE0SVY01018,KATARIA,SM,97.0,106.0,97.0,102.9,106.0,95.85,25200,2562210.0,39
2026-08-18,INE234I01028,KAUSHALYA,BE,889.95,912.0,881.0,895.45,904.0,884.4,50,44648.05,18
2026-08-18,INE0Q2V01012,KLL,SM,23.2,23.25,22.3,22.4,22.4,22.5,6400,144600.0,7
2026-08-18,INE455I01029,KSCL,EQ,758.7,779.0,755.8,772.75,763.0,772.3,251401,193417006.6,15971
2026-08-18,INE641C01019,KAVDEFENCE,EQ,55.6,60.0,54.89,57.53,57.94,56.61,227616,12997321.29,3112
2026-08-18,INE0RCG01017,KCEIL,SM,79.95,79.95,76.2,77.65,77.5,76.8,36500,2835675.0,44
2026-08-18,INE587G01015,KAYA,EQ,333.0,345.8,326.25,338.75,335.8,336.65,52088,17378588.95,2385
2026-08-18,INE918Z01012,KAYNES,EQ,3664.8,3714.2,3640.0,3644.1,3644.1,3651.0,514083,1887361841.7,37736
2026-08-18,INE13ZD01013,KAYTEX,SM,58.0,58.0,51.2,54.3,54.3,56.3,24000,1297000.0,30
2026-08-18,INE0J1E01027,KCK,ST,15.5,15.5,15.0,15.0,15.0,14.9,82500,1240125.0,8
2026-08-18,INE805C01028,KCP,EQ,156.2,157.16,150.0,151.22,151.0,155.28,238462,36212236.53,4481
2026-08-18,INE790B01024,KCPSUGIND,BE,31.47,32.0,30.5,31.44,31.65,31.12,223001,6965956.55,400
2026-08-18,INE291D01011,KDDL,EQ,4081.9,4128.5,4010.1,4093.5,4064.0,4084.6,26917,110370568.6,7164
2026-08-18,INE389H01022,KEC,EQ,436.35,438.0,427.0,428.6,427.7,436.35,1404817,603114838.9,30436
2026-08-18,INE878B01027,KEI,EQ,5881.7,5899.0,5722.7,5790.0,5790.0,5873.0,311725,1808386925.7,26590
2026-08-18,INE164B01030,KELLTONTEC,EQ,13.54,13.89,13.45,13.68,13.66,13.54,1591673,21724830.21,3875
2026-08-18,INE15DO01012,KEN,SM,42.3,42.3,42.0,42.0,42.0,42.0,4800,202200.0,4
2026-08-18,INE717A01029,KENNAMET,EQ,3550.0,3569.0,3480.0,3502.2,3481.1,3551.7,14828,52320621.1,3087
2026-08-18,INE202H01019,KERNEX,EQ,1820.0,1920.0,1756.1,1901.8,1906.0,1751.7,1425187,2633221563.5,86725
2026-08-18,INE087A01019,KESORAMIND,BE,11.95,11.95,11.95,11.95,11.95,11.72,190942,2281756.9,186
2026-08-18,INE401H01017,KKCL,EQ,523.65,525.0,513.2,515.05,514.55,521.0,50339,26123981.5,2141
2026-08-18,INE681C01015,KEYFINSERV,EQ,257.9,261.0,254.95,257.45,259.8,257.95,1145,294639.55,43
2026-08-18,INE263M01029,RUSTOMJEE,EQ,375.1,378.25,370.2,371.9,371.1,375.1,31546,11826093.55,1778
2026-08-18,INE138Y01010,KFINTECH,EQ,976.55,979.0,946.0,957.6,957.6,973.0,1298792,1240561165.9,30243
2026-08-18,INE834I01025,KHADIM,BE,97.4,98.4,96.0,96.32,96.2,97.07,43442,4215356.13,203
2026-08-18,INE731C01018,KHAITANLTD,EQ,147.04,149.38,141.01,148.19,148.49,147.04,5052,742149.58,90
2026-08-18,INE745B01028,KHAICHEM,EQ,60.34,63.3,56.11,56.72,56.8,59.75,1453854,87091782.57,10146
2026-08-18,INE060B01014,KHANDSE,EQ,17.47,17.47,17.47,17.47,17.47,17.25,1,17.47,1
2026-08-18,INE00UG01014,KHFM,SM,45.25,47.9,45.0,45.9,47.9,48.6,10850,498015.0,6
2026-08-18,INE338F01015,KLBRENG-B,EQ,346.0,374.4,346.0,362.75,360.5,346.9,383012,139272537.45,9410
2026-08-18,INE729D01010,KILITCH,BE,169.0,172.4,163.96,163.96,163.96,172.58,96347,15993683.81,529
2026-08-18,INE473D01015,KINGFA,EQ,6087.5,6087.5,5905.5,5974.5,5950.0,6087.5,21586,128835537.0,5966
2026-08-18,INE880L01014,KIOCL,EQ,387.3,391.85,382.1,384.0,384.15,388.15,63816,24585807.8,3376
2026-08-18,INE555P01013,KIRANVYPAR,EQ,200.0,200.0,196.25,196.31,196.3,201.75,303,59778.0,14
2026-08-18,INE415I01015,KIRIINDUS,EQ,413.5,413.5,403.8,408.95,409.2,410.45,191225,78037594.65,4192
2026-08-18,INE732A01036,KIRLOSBROS,EQ,1942.9,1951.0,1900.7,1910.0,1902.2,1942.9,34824,66834766.3,5680
2026-08-18,INE134B01017,KECL,EQ,137.5,139.82,133.35,135.36,134.38,137.5,163373,22212884.39,2823
2026-08-18,INE884B01025,KIRLFER,EQ,434.0,437.7,429.0,435.85,434.4,433.2,50317,21804612.8,3425
2026-08-18,INE250A01039,KIRLOSIND,EQ,3842.9,3844.8,3740.0,3753.3,3740.0,3842.9,4203,15872557.7,652
2026-08-18,INE146L01010,KIRLOSENG,EQ,2101.5,2130.0,2076.5,2125.7,2123.1,2101.6,200593,423378821.7,22093
2026-08-18,INE811A01038,KIRLPNU,EQ,768.8,776.9,745.7,760.2,763.0,1534.3,186912,141876163.9,12008
2026-08-18,INE602G01020,KITEX,EQ,128.51,134.07,128.1,128.98,128.75,128.81,700612,91737866.99,8302
2026-08-18,INE0KNW01016,KNAGRI,EQ,217.5,228.0,208.79,212.8,214.75,216.19,58047,12414273.1,711
2026-08-18,INE17QZ01016,KNACK,EQ,207.0,208.74,203.05,204.19,204.7,207.56,535863,110073822.22,7016
2026-08-18,INE0CJD01029,KMEW,EQ,2740.0,2745.0,2632.0,2706.2,2720.0,2756.5,163110,436731375.9,21603
2026-08-18,INE1JAR25012,KRT,RR,115.8,116.0,112.0,115.27,115.6,115.48,817372,94002857.25,8289
2026-08-18,INE634I01029,KNRCON,EQ,134.0,135.22,129.8,130.36,130.4,134.6,691247,90972656.66,11188
2026-08-18,INE0Q7P01013,KODYTECH,ST,1389.7,1424.0,1382.0,1413.85,1420.0,1396.65,16500,23240320.0,77
2026-08-18,INE080B01012,KOHINOOR,EQ,27.8,28.47,26.3,27.42,27.21,27.78,135394,3695848.6,2227
2026-08-18,INE760A01029,KOKUYOCMLN,EQ,84.89,85.0,83.62,84.77,84.89,84.73,18755,1587175.28,423
2026-08-18,INE094I01018,KOLTEPATIL,EQ,471.65,478.8,466.25,473.95,476.0,471.65,89987,42508642.25,3651
2026-08-18,INE0QEI01011,KONSTELEC,ST,58.3,62.0,58.3,62.0,62.0,61.25,77000,4739250.0,42
2026-08-18,INE0KZ301010,KONTOR,SM,60.0,60.0,60.0,60.0,60.0,62.0,600,36000.0,1
2026-08-18,INE082A01010,KOPRAN,BE,201.69,208.5,199.51,201.51,200.07,199.71,220320,44728931.06,1768
2026-08-18,INE0O4R01018,KDL,SM,89.2,92.55,84.95,87.55,87.0,91.8,28050,2448457.5,128
2026-08-18,INF174KA1HJ8,GOLD1,EQ,130.89,130.95,127.19,127.67,127.75,127.7,2096227,267599472.15,6874
2026-08-18,INE237A01036,KOTAKBANK,EQ,391.0,392.9,387.65,387.65,387.65,392.7,5653147,2207051901.0,58035
2026-08-18,INF174K014P6,NIFTY1,EQ,277.28,277.28,268.01,269.09,269.27,270.52,59872,16119112.2,1120
2026-08-18,INF174KA1A86,PSUBANK,EQ,87.49,87.59,86.1,86.65,86.1,87.38,85921,7456041.09,778
2026-08-18,INF174KA1XV0,CHEMICAL,EQ,30.41,31.18,30.41,30.85,30.88,30.81,2215646,68399383.99,871
2026-08-18,INF174KA1IA5,ALPHA,EQ,54.18,54.29,53.81,54.06,53.97,54.18,706087,38133473.45,2065
2026-08-18,INF174KA1ZF8,CONS,EQ,12.45,12.47,12.32,12.37,12.45,12.51,654805,8112243.93,197
2026-08-18,INF174KA1GC5,IT,EQ,34.95,34.95,33.6,33.69,33.75,34.26,247367,8351807.8,1265
2026-08-18,INF174KA1LV5,LIQUID1,EQ,1119.65,1119.65,1118.66,1118.66,1118.66,1118.52,1362113,1523754993.4,520
2026-08-18,INF174KA1IY5,LOWVOL1,EQ,21.43,21.51,21.18,21.27,21.18,21.46,495408,10568314.23,192
2026-08-18,INF174KA1ZC5,MIDCAP,EQ,18.71,18.88,18.58,18.64,18.67,18.71,234519,4371573.0,814
2026-08-18,INF174KA1JF2,MNC,EQ,34.74,34.74,34.48,34.5,34.5,34.76,52636,1819905.3,343
2026-08-18,INF174KA1ZD3,SILVER1,EQ,22.12,22.9,22.12,22.47,22.51,22.69,4107007,92381970.25,4351
2026-08-18,INF174KA1ZE1,NV20,EQ,14.04,14.06,13.94,14.01,14.02,14.07,43408,607203.87,169
2026-08-18,INF174KA1VW2,MID150,EQ,23.82,23.84,23.7,23.81,23.84,23.87,54661,1301204.28,168
2026-08-18,INF174KA1XS6,MOMENTUM30,EQ,31.27,31.28,31.07,31.19,31.28,31.27,80449,2510073.38,68
2026-08-18,INF174KA1VD2,MSCIINDIA,EQ,30.27,30.27,30.1,30.16,30.12,30.27,4053,122221.13,64
2026-08-18,INF174KA1YO3,NEXT50ETF,EQ,76.34,76.34,74.45,75.12,75.13,75.97,23367,1757623.92,136
2026-08-18,INF174KA1UW4,NIFTY100EW,EQ,36.77,36.77,35.51,35.64,35.62,35.74,27419,977571.19,207
2026-08-18,INF174KA1A94,PVTBANK,EQ,27.41,27.5,27.33,27.5,27.5,27.5,1747,47876.54,9
2026-08-18,INF174KA1WT6,QUALITY30,EQ,21.23,21.35,20.99,21.01,21.04,21.23,18032,379649.08,65
2026-08-18,INF174KA1ZB7,BANKNIFTY1,EQ,61.38,61.38,59.45,59.63,59.87,59.89,730567,43466484.1,740
2026-08-18,INE972A01020,KOTIC,EQ,145.95,156.36,143.35,145.08,145.9,143.36,11873,1749766.64,455
2026-08-18,INE720A01015,KOTHARIPET,EQ,133.5,137.53,133.5,134.99,134.3,133.91,73090,9900475.43,1415
2026-08-18,INE823A01017,KOTHARIPRO,EQ,68.58,69.43,67.5,67.95,67.62,68.58,6465,439162.9,266
2026-08-18,INE419A01022,KOTARISUG,EQ,26.4,27.3,26.4,26.89,26.89,26.29,181199,4887234.78,845
2026-08-18,INE0J0B01017,KOTYARK,BE,36.36,36.36,36.36,36.36,36.36,38.27,27777,1009971.72,263
2026-08-18,INE177F01017,KOVAI,EQ,6181.5,6181.5,5990.0,6013.0,6045.0,6122.0,3161,19116789.5,774
2026-08-18,INE542W01025,KPIGREEN,EQ,302.5,316.3,302.45,308.9,309.0,303.1,2232623,687877783.85,45336
2026-08-18,INE04I401011,KPITTECH,EQ,609.0,609.05,596.0,596.65,596.65,609.0,1619307,972712588.3,30901
2026-08-18,INE930H01031,KPRMILL,EQ,1135.6,1140.0,1118.3,1123.5,1123.9,1135.6,110490,124814189.6,11176
2026-08-18,INE001B01026,KRBL,EQ,394.65,403.8,390.5,393.6,394.0,395.7,715530,284586267.85,22388
2026-08-18,INE268B01013,KREBSBIO,EQ,56.77,56.78,55.08,55.79,55.5,54.66,5203,291452.54,27
2026-08-18,INE524L01026,KRIDHANINF,BE,2.19,2.27,2.15,2.19,2.21,2.19,58497,127054.93,55
2026-08-18,INE506W01020,KRISHANA,EQ,188.0,190.98,184.1,190.04,190.39,187.27,695996,131125959.12,10287
2026-08-18,INE0NR701018,KRISHCA,SM,166.0,167.9,165.0,167.4,167.4,166.25,8000,1334725.0,11
2026-08-18,INE0GGO01015,KRISHIVAL,EQ,403.0,403.0,350.6,355.75,355.5,408.3,170859,62964058.75,5074
2026-08-18,INE0J5601015,KRISHNADEF,EQ,1067.9,1129.0,1067.9,1125.0,1129.0,1062.5,137042,151269544.7,12015
2026-08-18,INE967H01025,KIMS,EQ,800.0,808.9,800.0,805.5,804.55,800.4,217609,174666611.8,13301
2026-08-18,INE479D01038,KRITI,EQ,66.73,68.94,65.2,65.81,65.98,66.73,7131,470335.88,94
2026-08-18,INE798K01010,KRITINUT,EQ,86.99,87.5,84.51,85.79,85.1,85.15,4162,357418.99,111
2026-08-18,INE00Z501029,KRITIKA,EQ,5.54,5.6,5.5,5.52,5.55,5.54,56033,310181.92,316
2026-08-18,INE1MTV01019,KRMAYURVED,SM,274.85,285.0,274.85,281.7,282.95,272.85,84000,23555300.0,71
2026-08-18,INE0Q3J01015,KRN,EQ,1517.7,1560.0,1475.0,1522.1,1515.0,1539.7,425448,642705843.7,27219
2026-08-18,INE0ATZ01017,KRONOX,EQ,150.1,154.55,144.41,151.7,151.5,151.52,225530,33551179.39,3932
2026-08-18,INE0O6601022,KROSS,EQ,203.5,208.01,201.35,202.5,203.8,205.2,329794,67471540.61,6545
2026-08-18,INE08LI01020,KRSNAA,EQ,560.0,563.0,537.1,540.2,540.0,558.45,85637,46871399.25,5205
2026-08-18,INE0QN801017,KRYSTAL,EQ,620.2,623.7,620.0,620.0,620.0,620.4,5861,3637072.8,261
2026-08-18,INE999A01023,KSB,EQ,797.05,801.45,789.65,794.5,791.0,795.25,38365,30479019.05,4636
2026-08-18,INE953E01022,KSE,EQ,197.9,199.99,196.0,198.82,199.0,194.47,25704,5098427.4,572
2026-08-18,INE987S01020,KSHINTL,EQ,1024.3,1030.4,985.25,999.45,1003.3,1022.35,225378,225037352.75,15549
2026-08-18,INE013801027,KSHITIJPOL,EQ,3.04,3.09,2.88,2.91,2.94,3.03,2109693,6156258.23,1578
2026-08-18,INE0D6I01023,KSOLVES,EQ,271.0,273.8,268.0,270.35,270.55,274.1,26890,7279931.7,1337
2026-08-18,INE1SPP01016,KSR,EQ,29.16,29.8,28.36,28.47,29.4,29.3,2070,59661.38,53
2026-08-18,INE529I01021,KUANTUM,EQ,80.74,81.28,79.2,79.79,79.99,80.33,153618,12292531.61,1490
2026-08-18,INE0ISX01025,KUSUMGAR,EQ,590.0,601.0,589.0,595.0,596.0,592.25,231690,138274609.05,8059
2026-08-18,INE552U01010,KPL,EQ,3648.0,3654.8,3499.8,3532.6,3544.0,3598.1,35819,127166466.8,4956
2026-08-18,INE2KCE01013,KWIL,EQ,38.93,39.35,37.83,38.1,37.93,38.79,21856056,845151157.8,47363
2026-08-18,INE341H01023,LKPSEC,EQ,16.44,17.7,16.44,16.76,16.99,16.44,26512,449019.36,654
2026-08-18,INE498L01015,LTF,EQ,314.0,325.8,307.55,325.1,325.1,315.0,10165537,3254172895.45,71272
2026-08-18,INE010V01017,LTTS,EQ,3525.2,3562.0,3495.0,3509.9,3508.2,3528.5,47263,166905617.1,10450
2026-08-18,INE059D01020,LAOPALA,EQ,191.0,192.42,188.6,189.31,190.0,191.22,213293,40468096.47,4486
2026-08-18,INE519D01015,LADDERUP,EQ,50.9,50.9,50.33,50.33,50.33,49.11,43,2173.2,4
2026-08-18,INE548Z01017,LAGNAM,EQ,77.6,79.95,77.4,77.81,77.89,77.94,40464,3177016.62,385
2026-08-18,INE515C01023,LAHOTIOV,EQ,42.98,43.5,42.11,42.28,42.99,42.98,885,37518.99,15
2026-08-18,INE850E01012,LFIC,EQ,138.21,145.0,138.21,140.88,140.99,140.7,470,65935.87,38
2026-08-18,INE938C01019,LAKSHMIMIL,EQ,8505.0,8505.0,7900.0,8001.5,8000.0,8067.0,69,565524.0,34
2026-08-18,INE651C01018,LAKPRE,BZ,4.56,4.56,4.56,4.56,4.56,4.56,25,114.0,1
2026-08-18,INE0VZS01015,LAKSHYA,SM,83.85,84.65,82.4,84.3,84.3,81.5,4000,335760.0,5
2026-08-18,INE112F01022,LAMBODHARA,EQ,113.64,113.64,110.35,110.59,111.0,110.1,4907,546435.04,168
2026-08-18,INE0R0201012,LAMOSAIC,ST,54.25,56.95,54.0,56.95,56.95,55.8,49200,2752350.0,38
2026-08-18,INE359U01028,LANCER,EQ,11.12,11.24,10.58,10.92,10.95,11.07,148016,1620740.98,404
2026-08-18,INE572G01025,LANCORHOL,EQ,30.25,30.25,27.8,28.18,27.85,29.29,134243,3865770.4,1925
2026-08-18,INE559R01029,LANDMARK,EQ,513.4,519.65,504.25,513.3,509.0,511.0,118817,60722252.6,4562
2026-08-18,INE197J01017,LPDC,EQ,7.86,7.86,7.25,7.38,7.39,7.87,96777,728839.76,352
2026-08-18,INE688J01023,LANDSMILL,EQ,0.75,0.78,0.75,0.76,0.77,0.75,2802194,2142167.54,843
2026-08-18,INE018A01030,LT,EQ,4068.0,4085.0,4050.0,4064.3,4064.3,4086.7,1355575,5518324232.2,68981
2026-08-18,INE670X01014,LASA,EQ,7.14,7.44,6.75,7.19,7.21,7.14,25232,179404.76,216
2026-08-18,INE17IR01028,LASERPOWER,EQ,321.5,331.5,320.4,327.6,327.5,324.35,2181158,712605999.1,25983
2026-08-18,INE0I7C01011,LATENTVIEW,EQ,287.2,289.95,280.4,281.6,280.9,285.5,510178,144550822.45,11277
2026-08-18,INE262Z01023,LATTEYS,EQ,23.29,23.85,22.34,23.03,22.9,23.29,169405,3900403.23,785
2026-08-18,INE947Q01028,LAURUSLABS,EQ,1810.0,1824.6,1802.1,1814.0,1814.0,1809.7,1291914,2348331388.4,35171
2026-08-18,INE801V01019,LAXMICOT,EQ,13.41,13.69,13.22,13.46,13.5,13.41,5759,77441.17,64
2026-08-18,INE0WO601020,LAXMIDENTL,EQ,200.0,202.39,197.38,198.39,198.34,200.64,144665,28855021.53,3264
2026-08-18,INE258Y01016,LGHL,EQ,177.62,184.78,175.93,180.84,182.0,177.62,4502,808166.65,281
2026-08-18,INE06WU01026,LAXMIINDIA,EQ,135.85,135.9,130.02,131.38,131.11,136.56,155482,20471005.72,1519
2026-08-18,INE576O01020,LXCHEM,EQ,179.05,181.09,173.31,174.19,174.08,179.66,746694,131589013.23,8925
2026-08-18,INE938A01021,LCCINFOTEC,EQ,3.81,3.99,3.44,3.84,3.85,3.82,115295,421991.95,196
2026-08-18,INE0G1L01025,LEMERITE,EQ,23.49,23.49,22.5,23.01,23.15,23.25,355691,8143009.54,916
2026-08-18,INE0HV901016,IXIGO,EQ,171.2,174.8,170.25,172.26,171.5,172.51,348709,60010540.99,10546
2026-08-18,INE0H4B01011,LRRPL,SM,83.5,83.5,83.5,83.5,83.5,83.5,1500,125250.0,1
2026-08-18,INE00GO01025,LEAPIND,EQ,160.0,164.7,158.3,160.3,159.31,155.49,29119032,4706265223.08,199474
2026-08-18,INE791B01014,LEENEE,EQ,7.06,7.97,6.81,7.58,7.75,7.06,18361,139766.85,146
2026-08-18,INE0AQ201015,THELEELA,EQ,508.95,521.95,503.3,519.15,519.65,503.0,412429,211277813.75,19601
2026-08-18,INE970X01018,LEMONTREE,EQ,109.2,110.13,107.88,109.02,108.9,109.55,3034796,330237386.02,38055
2026-08-18,INE956O01016,LENSKART,EQ,609.85,640.0,606.85,628.4,628.7,607.6,10855580,6785548721.3,171490
2026-08-18,INE500X01013,LEXUS,EQ,13.91,14.79,13.07,13.55,13.72,13.58,12787,171888.67,120
2026-08-18,INE337A01034,LGBBROSLTD,EQ,1602.0,1623.9,1600.0,1603.1,1600.2,1602.8,14844,23856159.8,2149
2026-08-18,INE324D01010,LGEINDIA,EQ,1651.0,1675.0,1640.1,1649.4,1645.0,1667.6,812372,1347875479.9,38140
2026-08-18,INE908V01012,LIBAS,EQ,9.95,9.95,9.36,9.77,9.8,9.52,43087,415284.41,104
2026-08-18,INE557B01019,LIBERTSHOE,EQ,248.95,248.95,242.6,245.15,246.95,248.05,29617,7253579.55,628
2026-08-18,INE115A01026,LICHSGFIN,EQ,500.0,501.8,495.9,498.8,498.8,498.25,1854138,924912073.9,30771
2026-08-18,INF767K01SM1,LICMFGOLD,EQ,139.25,139.25,137.15,137.35,137.15,137.5,46672,6424738.9,414
2026-08-18,INF767K01OS7,LICNETFN50,EQ,272.38,272.74,271.06,271.06,271.06,273.74,176,47924.3,24
2026-08-18,INF767K01OT5,LICNETFSEN,EQ,883.95,883.95,872.12,879.2,879.2,880.61,35,30653.65,4
2026-08-18,INF767K01PC8,LICNFNHGP,EQ,283.97,283.97,277.76,277.86,278.94,281.16,36,10091.49,14
2026-08-18,INF767K01MV5,LICNETFGSC,EQ,29.47,29.6,29.4,29.51,29.5,29.51,17390,513968.08,74
2026-08-18,INF767K01RN1,LICNMID100,EQ,63.81,64.48,63.53,63.9,63.82,64.17,2032,130049.63,67
2026-08-18,INE0J1Y01017,LICI,EQ,410.1,413.95,407.0,410.0,410.0,410.0,5374472,2206878134.65,46706
2026-08-18,INE060901027,LIKHITHA,EQ,207.7,216.9,207.2,208.57,209.0,206.67,48039,10163443.4,1159
2026-08-18,INE802B01027,LINC,EQ,99.0,99.0,94.63,95.45,95.5,97.28,32789,3141908.53,778
2026-08-18,INE405C01035,LINCOLN,EQ,623.35,627.2,612.35,619.1,617.5,623.35,28701,17791605.1,1631
2026-08-18,INE473A01011,LINDEINDIA,EQ,6720.0,6870.5,6701.5,6725.5,6711.5,6732.0,33874,230220092.0,6906
2026-08-18,INE093R01011,LLOYDSENGG,EQ,91.77,94.5,91.6,93.66,94.0,91.21,10766214,1003569794.83,41382
2026-08-18,INE080I01025,LLOYDSENT,EQ,75.6,80.9,75.6,79.03,79.4,75.65,6839394,541819477.01,29576
2026-08-18,INE0DTQ01028,LLOYDS,SM,61.5,61.5,61.5,61.5,61.5,62.9,1000,61500.0,1
2026-08-18,INE281B01032,LLOYDSME,EQ,1938.2,1943.9,1909.0,1938.6,1938.0,1942.0,347859,671317578.9,13085
2026-08-18,INE269B01029,LMW,EQ,19976.0,20130.0,19689.0,19748.0,19760.0,20047.0,6432,128140365.0,2622
2026-08-18,INE670K01029,LODHA,EQ,1254.0,1260.0,1211.1,1211.1,1211.1,1254.0,1547121,1900769021.7,33407
2026-08-18,INE0QJW01029,LCL,EQ,546.2,577.7,543.45,573.0,573.6,546.2,1385067,781628048.25,44743
2026-08-18,INE397H01017,LOKESHMACH,BE,329.8,339.5,329.8,331.35,330.5,329.8,22250,7387046.6,197
2026-08-18,INE846D01012,LORDSCHLO,EQ,140.03,142.45,133.0,133.42,134.05,139.98,29362,3973005.97,1008
2026-08-18,INE740X01023,LAL,EQ,8.72,8.76,8.6,8.63,8.67,8.72,7127,61935.39,69
2026-08-18,INE026D01011,LOTUSCHO,EQ,621.0,633.95,601.0,616.8,615.15,622.05,2315,1427939.45,200
2026-08-18,INE947I01017,LOTUSEYE,EQ,116.0,118.47,115.06,116.07,116.5,115.83,6888,798953.88,116
2026-08-18,INE597L01014,LOVABLE,EQ,71.82,73.72,71.53,72.09,72.49,72.04,2942,211903.38,111
2026-08-18,INE970D01010,LOYALTEX,EQ,219.0,234.88,214.0,216.9,216.25,221.0,1091,243838.8,93
2026-08-18,INE818H01020,LTFOODS,EQ,416.2,429.4,416.2,426.3,425.15,417.15,512273,217443974.8,20772
2026-08-18,INE214T01019,LTM,EQ,4630.0,4684.0,4562.2,4562.2,4562.2,4700.0,258689,1196538294.5,17511
2026-08-18,INE872H01027,LUMAXTECH,EQ,2050.4,2055.0,2000.0,2014.7,2004.1,2049.0,101150,204474861.8,14592
2026-08-18,INE162B01018,LUMAXIND,EQ,5792.0,5849.0,5710.0,5726.0,5736.5,5792.0,5666,32662283.0,1933
2026-08-18,INE326A01037,LUPIN,EQ,2255.0,2255.0,2220.5,2232.0,2232.0,2259.0,694324,1548235223.6,42714
2026-08-18,INE150G01020,LUXIND,EQ,1203.7,1234.9,1198.4,1228.9,1230.1,1209.0,39889,48648703.5,3687
2026-08-18,INE933A01014,LYKALABS,BE,69.39,69.39,69.39,69.39,69.39,68.03,4570,317112.3,33
2026-08-18,INE08N601015,MBEL,EQ,285.3,285.3,278.8,284.35,284.9,283.3,147787,41755556.4,21823
2026-08-18,INE227F01010,MKEXIM,EQ,56.75,56.75,52.0,53.91,53.26,53.91,1976,105998.48,52
2026-08-18,INE964W01021,MKPL,EQ,4.18,4.19,4.11,4.16,4.11,4.11,39931,165911.82,277
2026-08-18,INE813V01022,MCL,EQ,60.99,60.99,58.6,59.24,59.0,60.47,88186,5235161.22,2849
2026-08-18,INE774D01024,M&MFIN,EQ,390.0,391.0,382.25,386.2,386.1,388.9,1441684,556282110.75,43131
2026-08-18,INE0SGC01015,MVKAGRO,SM,206.7,206.7,206.7,206.7,206.7,217.55,9900,2046330.0,19
2026-08-18,INE215I01027,MAANALU,EQ,122.79,122.79,118.0,119.35,119.0,119.33,44463,5301056.83,773
2026-08-18,INE435D01014,MCCHRLS-B,EQ,690.0,690.0,659.95,660.0,660.0,677.1,240,158779.05,30
2026-08-18,INE0R0J01010,MACOBSTECH,SM,217.0,217.0,205.0,205.7,205.0,207.4,40000,8575880.0,14
2026-08-18,INE155Z01011,MACPOWER,EQ,1782.5,2000.0,1782.5,1983.6,1981.1,1781.4,190829,371760647.6,21959
2026-08-18,INE631R01026,MADHAVIPL,EQ,7.21,7.48,6.95,7.24,7.19,7.04,110854,782575.96,297
2026-08-18,INE925C01016,MADHAV,EQ,35.87,37.24,35.87,37.1,37.07,35.87,4469,161875.36,24
2026-08-18,INE378D01032,MADHUCON,BE,5.47,5.48,5.22,5.28,5.25,5.47,14682,79610.75,64
2026-08-18,INE0P6701019,MADHUSUDAN,ST,227.25,229.95,225.0,227.0,227.0,224.8,7000,1591900.0,7
2026-08-18,INE900L01028,MBAPL,EQ,165.0,165.99,161.99,162.47,162.09,164.73,378114,61814882.6,6108
2026-08-18,INE414A01015,MADRASFERT,EQ,65.0,65.02,64.25,64.36,64.25,65.03,23590,1522323.45,355
2026-08-18,INE270B01035,MAFATIND,EQ,122.3,124.44,122.2,122.53,122.26,124.21,18806,2317035.59,514
2026-08-18,INE347W01011,MAGADSUGAR,EQ,576.0,591.0,560.15,565.5,561.0,570.65,64874,37645554.75,3328
2026-08-18,INE613C01026,MCLOUD,EQ,26.98,29.1,26.84,28.85,28.9,26.77,9815518,279740941.98,23044
2026-08-18,INE387I01016,MAGNUM,EQ,19.27,19.47,19.01,19.1,19.34,19.28,65718,1263420.44,58
2026-08-18,INE843B01013,MAHAPEXLTD,EQ,53.49,58.01,52.61,56.95,56.99,54.09,64885,3690524.21,548
2026-08-18,INE0US801024,MFML,EQ,18.61,19.84,18.58,18.95,18.6,18.67,6762,129515.47,76
2026-08-18,INE112D01035,MHLXMIRU,BE,185.2,190.0,180.0,186.0,186.0,186.27,17254,3234573.67,121
2026-08-18,INE451L01014,MAHASTEEL,BE,1107.6,1135.0,1080.5,1123.7,1112.0,1099.1,41209,45969389.3,329
2026-08-18,INE002S01010,MGL,EQ,1106.0,1118.4,1100.0,1111.4,1113.9,1129.1,277306,307744192.5,20219
2026-08-18,INE153A01019,MTNL,EQ,27.15,27.59,26.9,27.08,26.91,27.08,870655,23721188.77,3898
2026-08-18,INE288A01013,MAHSCOOTER,EQ,13448.0,13688.0,13121.0,13226.0,13240.0,13449.0,2959,39243261.0,1144
2026-08-18,INE271B01025,MAHSEAMLES,EQ,622.0,627.95,616.1,620.9,623.0,622.0,127306,79076253.3,9660
2026-08-18,INE632Q01018,MRIL,ST,63.5,63.5,60.0,60.0,60.0,63.0,3200,197600.0,2
2026-08-18,INE263W01010,MAHESHWARI,BE,72.72,72.99,70.79,72.5,72.5,72.0,17674,1274212.31,32
2026-08-18,INE961Y01015,MAHICKRA,SM,294.0,294.0,294.0,294.0,294.0,295.0,750,220500.0,1
2026-08-18,INE101A01026,M&M,EQ,3390.4,3435.0,3390.2,3421.5,3421.5,3390.4,1371664,4693338090.1,76990
2026-08-18,INE215D01010,MAHEPC,EQ,108.0,108.17,106.5,107.37,107.5,107.31,15286,1641840.99,424
2026-08-18,INE998I01010,MHRIL,EQ,222.65,224.86,220.8,221.39,221.1,224.89,49704,11055417.49,2131
2026-08-18,INE813A01018,MAHLIFE,EQ,391.0,391.0,381.1,384.15,382.1,386.65,92716,35587756.95,3398
2026-08-18,INE766P01016,MAHLOG,EQ,402.5,406.35,397.3,404.55,404.75,404.95,98395,39534735.5,3528
2026-08-18,INE683C01011,MAITHANALL,EQ,977.5,992.9,974.15,987.65,992.0,980.0,26302,25923451.7,1745
2026-08-18,INE0PLQ01011,MAITREYA,SM,116.0,117.2,110.0,110.5,110.0,115.5,10400,1164860.0,25
2026-08-18,INE201B01022,MAJESAUT,BE,353.05,359.8,349.0,352.55,349.05,362.4,5325,1883659.7,320
2026-08-18,INE987A01010,MAKERSL,EQ,160.0,162.0,158.0,159.83,159.15,152.59,717,114741.05,42
2026-08-18,INE389C01015,MALLCOM,EQ,955.45,977.95,950.05,958.65,955.0,956.0,2352,2251652.3,172
2026-08-18,INE383H01017,MALUPAPER,EQ,32.25,32.89,32.13,32.58,32.64,31.85,5904,191634.83,73
2026-08-18,INE0TO701015,MAMATA,EQ,407.3,417.0,400.0,411.15,412.0,405.6,68286,27917098.25,3293
2026-08-18,INE830Q01018,MANAKCOAT,EQ,121.35,129.5,121.0,125.36,125.77,121.88,1563125,198463273.81,17625
2026-08-18,INE993A01026,MANINDS,EQ,630.95,649.95,624.85,645.15,645.3,630.35,768630,491846210.3,22067
2026-08-18,INE949H01023,MANINFRA,EQ,103.21,108.98,101.7,106.02,106.48,104.12,5583898,588166985.9,36038
2026-08-18,INE859Q01017,MANAKALUCO,EQ,37.65,38.43,37.25,37.63,37.5,38.11,48115,1820195.71,821
2026-08-18,INE015D01022,MANAKSIA,EQ,59.85,60.7,58.52,59.46,59.35,58.87,27660,1653733.94,299
2026-08-18,INE824Q01011,MANAKSTEEL,EQ,87.0,88.88,85.0,86.25,87.0,85.03,51522,4506022.13,666
2026-08-18,INE201A01024,MANALIPETC,EQ,68.0,71.45,66.81,71.06,71.1,67.64,1999257,140799515.59,11141
2026-08-18,INE522D01027,MANAPPURAM,EQ,348.25,351.95,342.75,346.6,346.6,348.6,2534288,876476288.75,23479
2026-08-18,INE104Y01012,MANAV,SM,28.1,28.1,28.1,28.1,28.1,26.9,8000,224800.0,2
2026-08-18,INE939X01013,MANBA,EQ,130.1,132.06,129.5,130.11,131.0,130.52,66862,8707339.51,746
2026-08-18,INE348N01042,MANBRO,EQ,54.2,56.0,52.8,53.1,53.0,54.0,22983,1232946.1,389
2026-08-18,INE0R3T01013,MANDEEP,SM,19.7,19.7,19.7,19.7,19.7,19.7,2000,39400.0,1
2026-08-18,INE545L01039,MANCREDIT,EQ,242.5,243.7,225.0,227.21,229.0,236.73,169721,39043120.79,1961
2026-08-18,INE0PKD01011,MEIL,EQ,274.9,274.9,265.95,268.7,268.7,269.45,25897,6981952.4,673
2026-08-18,INE347A01017,MANGLMCEM,EQ,875.05,884.0,863.05,870.05,873.0,872.55,26851,23477566.2,1003
2026-08-18,INE584F01014,MANGALAM,EQ,28.79,28.79,27.55,27.99,27.99,27.84,23324,653643.8,141
2026-08-18,INE0APB01032,MGEL,BE,14.5,15.0,14.5,14.98,14.99,14.68,46435,691697.04,145
2026-08-18,INE370D01013,MANORG,EQ,449.65,450.95,429.1,443.8,442.0,447.65,19913,8823870.9,797
2026-08-18,INE829S01016,MSL,EQ,152.0,152.0,135.0,145.0,145.0,139.0,471,67757.95,29
2026-08-18,INE0JYY01029,MWL,EQ,41.08,41.49,40.25,40.72,40.8,40.91,157349,6402336.55,776
2026-08-18,INE0R3101011,MIEL,SM,12.1,12.95,12.1,12.95,12.95,12.6,4000,50100.0,2
2026-08-18,INE1ERK01013,MANILAM,SM,46.0,48.0,46.0,47.0,48.0,46.1,6000,282000.0,3
2026-08-18,INE459N01021,MANIPALHOS,EQ,723.05,738.35,712.95,724.8,725.0,722.9,1226590,890615626.1,33560
2026-08-18,INE634S01028,MANKIND,EQ,2370.0,2395.0,2363.3,2380.0,2380.0,2380.9,366118,869583850.8,17545
2026-08-18,INE0KNT01012,MVGJL,EQ,151.12,153.99,149.4,150.48,150.99,152.64,50305,7595739.47,1331
2026-08-18,INE784W01015,MANOMAY,EQ,216.8,217.7,208.1,216.55,216.0,215.35,84379,18294161.04,1038
2026-08-18,INE00VM01036,MANORAMA,EQ,1953.0,1968.0,1885.0,1901.0,1899.0,1943.4,1522653,2925459986.2,78003
2026-08-18,INE867A01022,MANUGRAPH,BE,16.58,16.84,15.33,16.54,16.51,16.1,22782,375043.27,108
2026-08-18,INE882A01013,MARALOVER,EQ,54.4,54.4,52.26,52.7,52.8,53.15,5407,287012.56,74
2026-08-18,INE182D01020,MARATHON,EQ,358.8,363.9,344.05,346.85,349.7,358.8,141211,49273172.55,4100
2026-08-18,INE0TD401015,MARC,SM,123.25,123.25,121.0,121.1,121.0,120.8,6000,729240.0,5
2026-08-18,INE0QP001012,MARCO,SM,31.9,31.9,31.9,31.9,31.9,31.95,1500,47850.0,1
2026-08-18,INE196A01026,MARICO,EQ,851.2,855.6,841.55,841.55,841.55,852.05,537548,455629188.4,24486
2026-08-18,INE01JE01028,MARINE,EQ,367.95,382.0,365.25,376.8,379.3,367.1,813572,303796316.25,20583
2026-08-18,INE0P1P01017,MARINETRAN,SM,16.45,16.9,16.25,16.9,16.9,17.1,16000,263400.0,4
2026-08-18,INE0FW001016,MARKOLINES,EQ,171.8,173.25,170.21,171.62,171.7,171.65,143236,24608973.88,1036
2026-08-18,INE750C01026,MARKSANS,EQ,331.8,336.35,325.2,326.5,326.3,331.45,3307672,1092929915.1,39756
2026-08-18,INE415B01044,MARSONS,EQ,104.9,105.65,102.0,102.31,102.34,104.8,1330099,136744652.02,7020
2026-08-18,INE0X7G01013,MARUSHIKA,SM,111.0,111.0,110.95,111.0,111.0,111.0,6000,665940.0,3
2026-08-18,INE585B01010,MARUTI,EQ,13762.0,13890.0,13691.0,13691.0,13691.0,13760.0,267433,3687398203.0,46076
2026-08-18,INE575Z01010,MDL,ST,55.0,56.5,53.2,56.5,56.5,56.0,10000,544850.0,9
2026-08-18,INE348L01012,MASFIN,EQ,305.4,306.75,302.2,302.95,303.05,305.3,139122,42156836.1,6779
2026-08-18,INE885F01015,MASKINVEST,EQ,148.13,148.87,148.13,148.13,148.13,148.13,167,24739.19,5
2026-08-18,INE0SH001010,MASON,SM,119.2,122.0,116.5,119.0,119.0,121.0,152000,18297200.0,35
2026-08-18,INE759A01021,MASTEK,EQ,1811.0,1811.0,1702.0,1717.5,1711.0,1811.8,103567,181984191.5,18727
2026-08-18,INE677D01037,MASTERTR,EQ,78.48,78.85,76.99,77.42,77.1,78.48,174379,13579674.4,1384
2026-08-18,INE866R01028,MATRIMONY,EQ,546.0,546.0,534.55,538.45,538.0,543.05,10712,5780090.25,474
2026-08-18,INE132901013,MGSL,SM,90.95,91.0,86.0,86.0,86.0,91.0,8400,753540.0,6
2026-08-18,INE636A01039,MAWANASUG,EQ,126.0,130.5,124.15,125.74,124.9,124.06,813767,103926164.21,8567
2026-08-18,INE03EI01018,MAXESTATES,EQ,472.8,501.45,468.2,477.85,475.2,474.35,324306,157915732.3,12787
2026-08-18,INE180A01020,MFSL,EQ,1570.0,1587.9,1547.0,1584.5,1584.5,1571.7,1054795,1661045839.8,36540
2026-08-18,INE027H01010,MAXHEALTH,EQ,1000.7,1017.0,982.1,1014.4,1014.4,1003.7,2219107,2232160967.6,48267
2026-08-18,INE0CG601016,MAXIND,EQ,149.27,151.93,147.66,151.13,150.11,150.33,126167,18945379.42,1736
2026-08-18,INE0ECC01022,MAXPOSURE,SM,31.6,32.0,31.0,32.0,32.0,32.95,31000,970550.0,23
2026-08-18,INE10A501018,MAXVOLT,SM,360.0,363.0,345.0,350.95,353.9,350.15,37200,13053520.0,84
2026-08-18,INE0ZTO01018,MAYASHEEL,SM,36.0,38.65,36.0,37.3,38.65,38.75,6000,223950.0,2
2026-08-18,INE040D01038,MAYURUNIQ,EQ,737.2,759.8,724.0,726.1,729.95,732.2,74332,54575607.8,5157
2026-08-18,INE249Z01020,MAZDOCK,EQ,2569.7,2618.2,2556.1,2587.0,2587.0,2569.7,1229574,3188800550.8,48945
2026-08-18,INE885E01042,MAZDA,BE,236.87,239.0,231.11,236.41,238.0,230.9,5597,1310580.06,146
2026-08-18,INE912H01013,MBLINFRA,EQ,24.26,24.78,24.04,24.06,24.06,24.38,27192,657854.75,94
2026-08-18,INE942G01012,MCLEODRUSS,EQ,44.85,46.99,43.91,45.32,46.08,44.85,245234,10963761.27,2172
2026-08-18,INE0O4M01019,MCON,SM,47.95,48.5,47.95,48.5,48.5,46.2,13000,628850.0,10
2026-08-18,INE456Z01021,MEDIASSIST,EQ,345.05,348.0,343.0,346.8,346.75,343.5,54087,18706814.15,2870
2026-08-18,INE442D01010,MEDICAPQ,EQ,20.33,27.68,20.33,25.05,25.0,25.26,1451,38220.74,41
2026-08-18,INE200D01020,MMWL,EQ,15.1,15.9,14.65,14.91,14.9,15.21,50362,773055.2,149
2026-08-18,INE646B01010,MEDICAMEQ,EQ,219.87,228.0,218.4,225.73,226.0,219.88,22641,5045423.7,927
2026-08-18,INE0PE401018,MEDIORG,SM,24.3,24.3,24.3,24.3,24.3,23.15,24000,583200.0,5
2026-08-18,INE630Y01024,MEDICO,EQ,44.78,44.78,42.51,42.66,42.62,44.27,132048,5684654.02,1120
2026-08-18,INE0UOY01019,MEDISTEP,SM,18.85,18.85,18.85,18.85,18.85,18.75,3000,56550.0,1
2026-08-18,INE804L01022,MEDPLUS,EQ,657.05,670.0,653.1,664.85,665.0,656.5,199554,132645966.6,9146
2026-08-18,INE0VDM01015,MEESHO,EQ,192.01,193.82,190.61,192.95,193.01,193.82,5326690,1026137194.19,56796
2026-08-18,INE0G1D01014,MEGAFLEX,SM,95.0,99.75,95.0,99.75,99.75,95.0,3000,294500.0,3
2026-08-18,INE00EM01016,MEGASTAR,EQ,317.95,317.95,308.7,308.9,308.8,311.75,4306,1332635.65,93
2026-08-18,INE531R01010,MEGATHERM,SM,193.5,196.45,188.0,189.35,191.75,193.9,36400,6964420.0,81
2026-08-18,INE0CT101020,MOL,EQ,63.25,63.96,61.38,61.94,62.17,62.97,1332706,82998668.06,8209
2026-08-18,INE898Q01015,MIIL,EQ,714.95,721.0,693.0,707.9,708.0,682.55,76476,54178113.35,1314
2026-08-18,INE071D01033,MENONBE,BE,253.21,253.21,253.21,253.21,253.21,241.16,29561,7485140.81,190
2026-08-18,INE650G01029,MENNPIS,EQ,72.16,73.69,71.12,71.53,72.0,71.81,51081,3696745.89,896
2026-08-18,INE776I01010,MEP,BZ,0.64,0.64,0.64,0.64,0.64,0.63,97103,62145.92,20
2026-08-18,INE689O01013,MERCANTILE,EQ,24.9,25.35,23.65,23.97,25.35,24.5,761,18396.8,21
2026-08-18,INE763M01028,MERCURYEV,EQ,35.2,36.35,34.77,35.13,35.49,35.59,111246,3947756.46,770
2026-08-18,INE1II801013,METALIC,SM,127.05,133.0,127.05,129.8,127.75,126.75,124800,16319120.0,76
2026-08-18,INE317I01021,METROBRAND,EQ,942.0,949.1,927.0,928.6,927.8,942.8,44445,41428968.2,13148
2026-08-18,INE085D01033,METROGLOBL,EQ,157.0,157.0,141.81,149.94,151.85,154.74,13174,1953772.88,619
2026-08-18,INE112L01020,METROPOLIS,EQ,553.0,555.75,545.2,551.95,552.3,550.75,118593,65356870.3,5892
2026-08-18,INE414G07JY0,852MFL31,N0,103107.51,103107.51,103107.51,103107.51,103107.51,102617.24,200,20621502.0,1
2026-08-18,INE287C01037,MICEL,BE,36.38,36.98,36.0,36.26,36.4,36.38,103027,3733411.3,854
2026-08-18,INE0PZK01014,MICROPRO,SM,19.3,19.3,18.35,18.9,18.9,19.25,6400,119840.0,4
2026-08-18,INE0XAD01024,MIDWESTLTD,EQ,1127.0,1174.9,1075.3,1159.4,1162.0,1110.0,76197,86804384.2,4378
2026-08-18,INE588G01021,MLKFOOD,EQ,85.9,85.9,75.25,77.61,75.25,81.44,23394,1907736.25,343
2026-08-18,INE00IT01020,MILKYMIST,EQ,165.0,181.5,165.0,181.5,181.5,140.0,92269979,15999020109.03,351646
2026-08-18,INE097E01028,MINALIND,EQ,2.14,2.18,1.71,2.08,2.17,2.06,113814,219800.9,90
2026-08-18,INE842C01021,MINDACORP,EQ,729.5,765.35,727.8,745.25,746.65,725.15,1637223,1232151613.65,48723
2026-08-18,INE0CCU25019,MINDSPACE,RR,498.99,503.7,494.96,496.41,496.65,497.29,297881,148153927.28,12812
2026-08-18,INE110B01017,MINDTECK,EQ,174.0,176.53,174.0,174.82,174.4,175.45,15650,2746008.74,578
2026-08-18,INF769K01KU7,ALPHAETF,EQ,26.83,26.84,26.61,26.79,26.79,26.82,495578,13258256.18,691
2026-08-18,INF769K01KR3,BANKETF,EQ,587.38,587.38,583.73,584.69,585.61,587.66,20265,11848023.05,389
2026-08-18,INF769K01LZ4,BANKPSU,EQ,88.09,88.09,87.1,87.2,87.1,88.09,7756,677929.99,156
2026-08-18,INF769K01NS5,CONSUMER,EQ,12.28,12.29,12.2,12.2,12.2,12.28,343641,4196372.68,297
2026-08-18,INF769K01QC2,DEFENCE,EQ,83.49,83.99,82.53,83.52,83.52,82.69,238146,19868515.19,855
2026-08-18,INF769K01PY8,DIVIDEND,EQ,35.9,35.9,35.59,35.62,35.66,35.91,12300,440206.77,88
2026-08-18,INF769K01PR2,ENERGY,EQ,38.9,39.1,38.7,38.82,38.83,38.95,216978,8443820.83,957
2026-08-18,INF769K01OA1,EQUAL200,EQ,14.02,14.03,13.97,13.97,13.99,14.05,30389,425559.84,48
2026-08-18,INF769K01OO2,EQUAL50,EQ,335.37,335.42,333.88,334.59,334.23,336.8,13628,4561763.84,32
2026-08-18,INF769K01LQ3,EVINDIA,EQ,34.23,34.29,34.11,34.18,34.14,34.12,242503,8294100.2,1393
2026-08-18,INF769K01QA6,HEALTHCARE,EQ,21.55,21.67,21.53,21.58,21.57,21.55,14059,303619.79,129
2026-08-18,INF769K01RJ5,HYBRIDETF,EQ,10.22,10.22,10.13,10.13,10.14,10.17,15329,155441.34,49
2026-08-18,INF769K01QB4,INFRA,EQ,12.26,12.27,12.22,12.24,12.24,12.28,25904,316872.03,119
2026-08-18,INF769K01PB6,INTERNET,EQ,14.28,14.3,14.2,14.22,14.2,14.35,161334,2295864.21,207
2026-08-18,INF769K01KV5,ITETF,EQ,32.62,32.62,32.03,32.08,32.1,32.66,363874,11733947.44,990
2026-08-18,INF769K01KS1,LIQUID,EQ,999.99,1000.0,999.99,999.99,1000.0,999.99,67728,67727507.0,133
2026-08-18,INF769K01MY5,LIQUIDPLUS,EQ,1099.35,1099.37,1099.35,1099.36,1099.37,1099.21,271338,298298926.53,261
2026-08-18,INF769K01GS9,ESG,EQ,42.79,42.79,41.75,41.82,41.79,41.95,4455,186518.66,60
2026-08-18,INF769K01HF4,MAFANG,EQ,209.43,209.43,209.43,209.43,209.43,211.42,141506,29635601.58,4519
2026-08-18,INF769K01HI8,BFSI,EQ,27.44,27.45,27.15,27.22,27.21,27.31,71924,1957590.38,664
2026-08-18,INF769K01JP9,GOLDETF,EQ,148.84,148.91,148.37,148.68,148.73,148.56,867843,129022003.42,7979
2026-08-18,INF769K01KF8,GSEC10YEAR,EQ,30.71,30.71,30.49,30.49,30.49,30.61,1875,57188.51,10
2026-08-18,INF769K01HS7,MAHKTECH,EQ,23.1,23.1,23.1,23.1,23.1,23.26,333488,7703572.8,327
2026-08-18,INF769K01IC9,MIDCAPETF,EQ,23.98,24.06,23.85,23.93,23.93,23.98,1408980,33735509.37,4172
2026-08-18,INF769K01IB1,MAKEINDIA,EQ,169.3,169.58,168.66,168.94,168.67,169.29,85436,14437442.97,905
2026-08-18,INF769K01EG9,NIFTYETF,EQ,265.37,265.37,263.0,263.65,263.45,265.37,564123,148785186.65,1369
2026-08-18,INF769K01JU9,LOWVOL,EQ,209.18,209.18,208.5,208.5,208.5,209.6,160,33402.77,9
2026-08-18,INF769K01FN2,NEXT50,EQ,771.86,771.86,767.44,769.6,768.5,770.26,16185,12448744.07,478
2026-08-18,INF769K01KG6,SILVERAG,EQ,226.34,226.54,225.05,225.68,225.77,227.28,174759,39446612.2,1997
2026-08-18,INF769K01HP3,MASPTOP50,EQ,81.02,81.02,81.0,81.02,81.02,81.26,111841,9061355.54,1162
2026-08-18,INF769K01LY7,METAL,EQ,13.35,13.44,13.15,13.17,13.17,13.26,1583334,20892452.37,3566
2026-08-18,INF769K01LJ8,MIDSMALL,EQ,52.35,52.41,52.06,52.33,52.36,52.41,275362,14376313.83,3777
2026-08-18,INF769K01RC0,MOMMIDCAP,EQ,13.1,13.17,13.02,13.1,13.08,13.11,2303300,30147470.65,1002
2026-08-18,INF769K01LX9,MULTICAP,EQ,16.9,17.22,16.85,16.95,16.86,16.94,1952155,33084143.11,533
2026-08-18,INF769K01ON4,SELECTIPO,EQ,48.44,48.47,48.24,48.38,48.36,48.42,34245,1656881.32,123
2026-08-18,INF769K01KT9,SENSEXETF,EQ,80.31,80.31,79.74,80.05,79.81,80.32,32090,2568585.18,233
2026-08-18,INF769K01PQ4,SMALL250,EQ,18.48,18.48,18.35,18.41,18.43,18.41,125842,2315704.89,640
2026-08-18,INF769K01LC3,SMALLCAP,EQ,48.5,48.83,48.33,48.77,48.8,48.5,862900,42040839.83,2136
2026-08-18,INF769K01PZ5,TOP20,EQ,9.03,9.03,8.96,8.96,8.96,9.03,44196,396926.74,1136
2026-08-18,INF769K01QV2,VALUE,EQ,16.24,16.6,15.93,16.12,16.14,16.24,168596,2736443.95,274
2026-08-18,INE771A01026,MIRZAINT,EQ,31.43,31.84,31.2,31.43,31.38,31.44,110841,3479822.71,2321
2026-08-18,INE099Z01011,MIDHANI,EQ,429.0,439.0,429.0,437.5,437.8,428.6,1545191,672276333.3,25662
2026-08-18,INE828O01033,MITCON,BE,78.0,80.0,76.06,80.0,80.0,78.69,3498,275885.71,36
2026-08-18,INE997Y01027,MITTAL,EQ,0.91,0.91,0.89,0.9,0.91,0.9,630114,568721.44,271
2026-08-18,INE227C01017,MMFL,EQ,639.7,687.95,632.8,680.2,675.0,632.3,935497,627733853.05,34787
2026-08-18,INE511Y01018,MMP,EQ,353.85,383.0,345.0,377.05,379.8,350.0,191009,70224444.3,6009
2026-08-18,INE123F01029,MMTC,EQ,63.45,64.12,62.9,63.54,63.2,63.81,1193339,75627852.54,6746
2026-08-18,INE1YNB01019,MOBILISE,SM,101.7,101.7,101.7,101.7,101.7,107.05,12800,1301760.0,5
2026-08-18,INE794W01014,MODTHREAD,EQ,59.9,65.65,56.53,57.47,57.98,57.64,245705,15031320.36,2277
2026-08-18,INE537F01012,MODINATUR,BE,383.5,383.5,361.65,361.65,361.65,380.65,30166,11013174.45,287
2026-08-18,INE832A01018,MODIRUBBER,EQ,115.1,119.8,114.01,114.98,115.13,117.1,3255,379332.7,132
2026-08-18,INE0L0L01012,MODIS,EQ,415.55,420.0,408.0,408.8,411.0,415.6,27304,11246795.95,1244
2026-08-18,INE737D01021,MODISONLTD,BE,373.9,373.9,357.9,373.9,373.9,356.1,439834,164002143.7,1816
2026-08-18,INE954E01012,MOHITIND,EQ,22.51,23.63,22.51,23.14,23.4,23.22,9609,223340.21,123
2026-08-18,INE154B01023,MOHITE,EQ,2.71,2.71,2.32,2.45,2.4,2.49,17417,42974.85,72
2026-08-18,INE490G01020,MOIL,EQ,271.2,271.8,255.6,257.25,257.95,272.8,2820394,736072029.3,48041
2026-08-18,INE514Y01020,MOKSH,EQ,10.89,10.9,10.4,10.53,10.41,10.73,119588,1276713.17,285
2026-08-18,INE869T01028,MOLBIO,EQ,1037.0,1177.0,1022.65,1110.9,1091.0,1041.7,11279774,12521970182.65,332869
2026-08-18,INE893J01029,MOLDTKPAC,EQ,684.2,685.45,674.65,678.65,679.2,680.15,30321,20572494.35,2021
2026-08-18,INE835B01035,MOLDTECH,BE,178.29,178.99,171.0,171.5,172.5,179.6,49769,8654720.5,648
2026-08-18,INE903D01011,MONARCH,EQ,389.9,389.9,382.75,387.1,385.05,389.05,118299,45751513.5,1797
2026-08-18,INE296Q01012,MONEYBOXX,EQ,58.8,58.8,55.0,56.15,56.25,57.19,15292,853963.18,455
2026-08-18,INE1DV401010,MONOLITH,SM,1028.05,1044.0,995.0,999.35,995.0,1007.55,42000,43040237.5,150
2026-08-18,INE950M01013,MONTECARLO,EQ,524.3,547.0,521.0,544.05,545.5,524.3,118030,63040959.5,4430
2026-08-18,INE083A01026,MOREPENLAB,EQ,89.82,92.5,86.0,88.44,87.75,89.82,34387594,3083495959.37,105067
2026-08-18,INE0N7S01028,MOS,ST,11.1,11.15,10.85,11.15,11.15,10.65,92000,1021800.0,21
2026-08-18,INE935B01025,MOSCHIP,EQ,209.3,211.0,208.34,209.0,209.15,211.72,835828,174908683.87,10394
2026-08-18,INE0FS801015,MSUMI,EQ,40.25,40.7,40.2,40.32,40.46,40.33,5783732,233672767.61,37957
2026-08-18,INF247L01023,MOM100,EQ,69.19,69.19,68.32,68.61,68.8,68.78,245979,16874358.76,2045
2026-08-18,INF247L01AP3,MON100,EQ,336.33,336.33,336.33,336.33,336.33,336.81,399022,134203069.26,1117
2026-08-18,INE338I01027,MOTILALOFS,EQ,951.0,961.35,933.1,938.0,938.0,955.0,1041748,981109314.25,29572
2026-08-18,INF247L01536,MOM50,EQ,254.3,254.51,253.17,254.18,254.51,254.28,5002,1269575.46,85
2026-08-18,INF247L01AK4,MOGSEC,EQ,65.82,65.9,65.28,65.74,65.74,65.5,35586,2324612.33,19
2026-08-18,INF247L01FR8,MOALPHA50,EQ,56.24,56.62,55.79,55.99,55.87,56.24,9206,515515.2,56
2026-08-18,INF247L01GV8,MOBANK10,EQ,16.94,16.94,16.85,16.9,16.91,17.04,2780,46896.75,61
2026-08-18,INF247L01EV3,MOCAPITAL,EQ,53.2,53.83,52.75,53.36,53.4,53.6,932185,49554516.78,2641
2026-08-18,INF247L01DJ0,MODEFENCE,EQ,109.2,110.25,108.01,109.7,110.15,108.22,1999813,218256013.35,9675
2026-08-18,INF247L01GH7,MOENERGY,EQ,39.19,39.19,38.66,38.78,38.91,38.88,85552,3324781.87,557
2026-08-18,INF247L01FY4,MOGOLD,EQ,151.5,151.55,150.85,151.0,151.0,150.85,26884,4064298.05,566
2026-08-18,INF247L01BB1,MOHEALTH,EQ,51.41,51.82,51.2,51.46,51.35,51.41,34988,1803378.17,436
2026-08-18,INF247L01FL1,MOINFRA,EQ,60.0,60.0,59.59,59.75,59.79,59.79,758,45266.4,51
2026-08-18,INF247L01GI5,MOIPO,EQ,48.61,48.61,48.29,48.5,48.5,48.43,6834,331355.7,26
2026-08-18,INF247L01BL0,MOLOWVOL,EQ,36.28,37.1,36.28,36.89,36.97,37.22,50377,1854652.9,86
2026-08-18,INF247L01DK8,MOMENTUM50,EQ,54.37,54.62,54.16,54.39,54.34,54.38,900722,49095856.88,1435
2026-08-18,INF247L01HG7,MOMETAL,EQ,13.41,13.41,13.04,13.06,13.09,13.15,8882,116011.0,30
2026-08-18,INF247L01FK3,MOMGF,EQ,166.52,166.53,165.15,166.09,166.09,166.21,258,42854.45,20
2026-08-18,INF247L01FQ0,MOMIDMTM,EQ,65.28,65.8,64.8,65.19,65.29,65.28,59319,3857538.81,242
2026-08-18,INF247L01GK1,MOMNC,EQ,33.5,33.66,33.4,33.49,33.49,33.68,1697,56799.72,17
2026-08-18,INF247L01BK2,MOMOMENTUM,EQ,64.0,64.0,62.83,63.04,63.09,63.11,40332,2538589.8,305
2026-08-18,INF247L01FC0,MON50EQUAL,EQ,33.82,33.82,33.6,33.63,33.63,33.82,1321,44428.18,53
2026-08-18,INF247L01FD8,MONEXT50,EQ,74.93,75.0,74.3,74.6,75.0,74.99,11380,846794.94,67
2026-08-18,INF247L01GG9,MONIFTY100,EQ,25.74,25.74,25.5,25.51,25.5,25.74,38504,984125.88,65
2026-08-18,INF247L01BU1,MONIFTY500,EQ,23.66,24.37,23.66,24.16,24.16,24.27,1363280,32886857.05,1522
2026-08-18,INF247L01AU3,MONQ50,EQ,151.2,151.2,151.2,151.2,151.2,151.4,19945,3015684.0,127
2026-08-18,INF247L01HH5,MOOILGAS,EQ,11.38,11.38,11.22,11.28,11.29,11.27,4144,46695.08,48
2026-08-18,INF247L01FO5,MOPSE,EQ,100.61,100.79,100.02,100.53,100.54,100.61,1279,128088.6,15
2026-08-18,INF247L01BH8,MOQUALITY,EQ,204.77,204.77,202.0,202.49,203.88,204.9,11534,2343668.96,36
2026-08-18,INF247L01CI4,MOREALTY,EQ,92.27,92.27,89.65,90.43,90.45,91.45,832436,75259515.36,2483
2026-08-18,INF247L01GJ3,MOSERVICE,EQ,31.08,31.1,31.0,31.06,31.06,31.3,3522,109373.61,57
2026-08-18,INF247L01FZ1,MOSILVER,EQ,230.74,230.74,228.23,229.19,229.46,230.87,39134,8973283.48,1010
2026-08-18,INF247L01CH6,MOSMALL250,EQ,18.41,18.45,18.35,18.39,18.43,18.39,659947,12144435.27,1751
2026-08-18,INF247L01FP2,MOTOUR,EQ,79.75,80.08,79.43,79.81,80.03,80.29,9230,735041.3,177
2026-08-18,INF247L01BE5,MOVALUE,EQ,114.65,114.65,113.5,113.68,113.98,114.48,37679,4295536.21,553
2026-08-18,INE0FRK01020,MOTISONS,EQ,16.71,17.22,16.29,16.78,16.78,16.54,134374269,2239821556.09,102698
2026-08-18,INE861B01023,MOTOGENFIN,BE,26.08,26.92,26.08,26.3,26.9,26.07,1557,41002.0,19
2026-08-18,INE0XM301010,MMEL,SM,24.75,24.85,24.75,24.75,24.75,24.6,12000,297200.0,6
2026-08-18,INE493H01014,MPDL,EQ,28.6,28.6,28.6,28.6,28.6,26.63,53,1515.8,4
2026-08-18,INE356A01018,MPHASIS,EQ,2504.4,2504.4,2432.0,2432.0,2432.0,2510.0,504720,1240805723.4,37328
2026-08-18,INE943D01017,MPSLTD,EQ,2830.0,2849.0,2786.3,2830.3,2849.0,2814.8,21475,60582172.6,2796
2026-08-18,INE883A01011,MRF,EQ,133015.0,133900.0,132650.0,133505.0,133500.0,133015.0,2637,351941480.0,1808
2026-08-18,INE103A01014,MRPL,EQ,177.0,189.0,176.2,177.44,176.95,177.15,48280540,8868130262.9,258128
2026-08-18,INE495P01020,BECTORFOOD,EQ,255.79,263.96,251.5,260.92,260.75,255.3,2984335,769247350.45,39650
2026-08-18,INE752G01015,MSPL,EQ,34.37,34.74,33.81,34.51,34.11,34.47,414575,14194077.06,2336
2026-08-18,INE255X01014,MSTCLTD,EQ,658.15,709.0,655.0,701.55,702.0,653.2,1266456,867398794.0,30649
2026-08-18,INE472M01018,MTEDUCARE,BE,1.98,1.99,1.82,1.85,1.85,1.9,20360,38500.82,51
2026-08-18,INE864I01014,MTARTECH,BE,7051.0,7195.0,6930.0,7132.0,7120.0,7057.0,116896,834907004.5,23651
2026-08-18,INE08KJ01020,MUFIN,EQ,135.4,136.8,135.1,135.82,135.9,135.87,715955,97333173.16,2704
2026-08-18,INE304A01026,MUKANDLTD,EQ,135.99,136.88,134.17,135.69,134.41,135.27,63185,8578731.12,1134
2026-08-18,INE596B01017,MUKESHB,EQ,147.0,147.0,145.0,145.0,145.0,147.0,1503,217940.99,7
2026-08-18,INE0CG401037,MUKKA,EQ,27.77,28.1,26.55,27.04,27.04,27.53,568960,15619596.92,2287
2026-08-18,INE374B01019,MUKTAARTS,BE,56.55,56.55,55.23,55.26,55.26,56.55,1150,64309.5,3
2026-08-18,INE745G01043,MCX,EQ,2949.9,3058.0,2916.0,3040.0,3040.0,2933.1,3187586,9616067545.2,148599
2026-08-18,INE1K8Y01018,MUNISH,SM,82.1,82.1,81.0,81.05,81.05,84.0,26400,2143200.0,18
2026-08-18,INE672B01032,MUNJALAU,EQ,121.9,123.9,116.65,118.39,118.5,119.72,2916371,349172685.87,18259
2026-08-18,INE577A01027,MUNJALSHOW,EQ,137.31,139.0,135.0,135.38,135.0,136.62,26890,3660574.66,505
2026-08-18,INE692B01014,MURUDCERA,EQ,31.0,31.0,30.12,30.5,30.37,30.49,12809,391833.28,201
2026-08-18,INE919I01024,RADIOCITY,EQ,6.8,6.82,6.6,6.63,6.63,6.66,87095,583960.67,152
2026-08-18,INE296G01013,MUTHOOTCAP,EQ,258.69,259.78,251.0,254.27,252.0,258.69,8161,2082396.56,312
2026-08-18,INE414G01012,MUTHOOTFIN,EQ,2890.0,2929.1,2875.0,2894.1,2894.1,2888.5,499431,1448444738.1,32274
2026-08-18,INE046W01019,MUTHOOTMF,EQ,208.12,212.98,206.5,210.29,209.5,208.12,395203,83173555.42,6380
2026-08-18,INE0OWZ01020,MVELECTRO,EQ,574.0,583.85,556.15,574.1,575.0,570.1,777088,442996392.0,18331
2026-08-18,INE0RVQ01016,MYMUDRA,SM,74.3,74.35,74.3,74.35,74.35,74.05,4800,356820.0,4
2026-08-18,INE741A01011,MYSORPETRO,EQ,111.0,127.52,111.0,114.93,116.2,11.25,86196,10625163.09,1685
2026-08-18,INE740D01017,NRAIL,EQ,519.0,519.0,499.15,503.95,501.6,509.9,12055,6104663.1,844
2026-08-18,INE104101014,NRVANDANA,ST,67.9,67.9,67.8,67.85,67.85,66.25,18000,1221750.0,6
2026-08-18,INE920C01017,NTCIND,EQ,146.0,146.0,140.0,142.17,141.0,144.45,241,34253.99,28
2026-08-18,INE365I01020,NBIFIN,EQ,2099.0,2100.0,2000.0,2010.4,2005.5,2064.0,402,816259.5,54
2026-08-18,INE295D01020,NACLIND,EQ,173.97,175.1,170.6,172.4,173.0,173.45,358338,61875047.05,6967
2026-08-18,INE756C01015,NDGL,EQ,2875.0,2875.0,2669.0,2727.9,2725.0,2878.7,558,1528535.1,119
2026-08-18,INE245I01016,NAGREEKCAP,EQ,24.5,24.5,23.5,23.52,23.5,23.5,1445,34059.86,30
2026-08-18,INE123B01028,NAGREEKEXP,EQ,24.95,24.95,23.25,23.6,23.6,24.26,379031,9153924.73,973
2026-08-18,INE049I01012,NAHARCAP,EQ,255.95,261.05,251.7,257.75,257.55,255.62,3554,918071.31,92
2026-08-18,INE289A01011,NAHARINDUS,EQ,120.99,122.0,117.61,119.86,119.99,117.38,60728,7320862.14,912
2026-08-18,INE308A01027,NAHARPOLY,EQ,240.8,243.6,235.0,236.3,236.0,237.65,10550,2516098.35,487
2026-08-18,INE290A01027,NAHARSPING,EQ,298.35,307.45,294.0,303.4,305.0,296.7,83164,24837880.5,2062
2026-08-18,INE236Y01012,NGIL,BE,41.54,42.4,39.5,40.0,40.0,40.73,9950,403813.18,38
2026-08-18,INE023A01030,NSIL,EQ,5515.0,5598.5,5515.0,5558.5,5532.0,5555.0,1628,9039959.0,328
2026-08-18,INE0RJM01010,NAMAN,SM,40.9,42.65,40.9,42.65,42.65,40.9,3200,133720.0,4
2026-08-18,INE08NZ01012,NAMOEWASTE,ST,282.55,287.95,275.3,280.0,280.0,282.75,16800,4712440.0,20
2026-08-18,INE875G01048,NDL,EQ,2.34,2.34,2.25,2.27,2.28,2.33,1383832,3153699.79,1182
2026-08-18,INE696V01013,JAIPURKURT,EQ,27.43,27.89,27.05,27.69,27.69,27.43,958,26212.73,38
2026-08-18,INE410P01011,NH,EQ,1823.9,1834.9,1799.1,1803.0,1803.0,1828.5,233127,422040940.4,21325
2026-08-18,INE117Z01029,NARMADA,EQ,14.38,14.99,14.12,14.88,14.95,14.45,892148,13051387.64,2353
2026-08-18,INE987B01026,NATCOPHARM,EQ,890.6,901.0,890.0,898.35,900.0,889.8,281134,251827475.3,21128
2026-08-18,INE448G01010,NATHBIOGEN,EQ,154.47,155.5,154.0,155.17,155.4,154.43,10341,1600545.99,188
2026-08-18,INE139A01034,NATIONALUM,EQ,386.8,390.85,385.8,388.0,388.0,387.55,2824411,1097501086.35,32751
2026-08-18,INE870D01012,NFL,EQ,71.22,71.69,70.05,70.23,70.18,71.54,958299,67589512.43,5351
2026-08-18,INE166R01015,NATIONSTD,EQ,134.0,148.1,134.0,134.0,134.0,141.05,335324,47735282.49,1866
2026-08-18,INE936B01015,NATCAPSUQ,EQ,148.69,149.35,146.0,146.59,147.2,148.75,7540,1110812.17,457
2026-08-18,INE725A01030,NAVA,EQ,559.65,571.0,557.0,558.9,558.0,559.65,276543,155603584.25,12413
2026-08-18,INE048G01026,NAVINFLUOR,EQ,8155.0,8300.0,8151.0,8255.0,8247.5,8151.0,107257,884634969.5,18800
2026-08-18,INE278M01019,NAVKARCORP,EQ,99.5,100.0,97.5,97.92,98.06,98.89,289440,28458367.38,2823
2026-08-18,INE268H01044,NAVKARURB,BE,0.98,1.01,0.96,0.98,0.99,0.98,274448,271251.2,256
2026-08-18,INE060A01024,NAVNETEDUL,EQ,135.0,135.0,131.78,134.09,134.25,134.54,78549,10502818.81,1471
2026-08-18,INE418L01047,NAZARA,EQ,349.95,356.65,348.75,355.55,354.25,350.1,1287389,455600696.25,11266
2026-08-18,INE095N01031,NBCC,EQ,89.35,89.93,87.7,88.0,88.0,89.75,6718438,593705859.55,33479
2026-08-18,INE868B01028,NCC,EQ,138.83,141.0,138.24,140.38,140.5,139.4,925504,129180226.63,14996
2026-08-18,INE732C01016,NCLIND,EQ,173.0,173.9,169.21,171.78,173.9,172.02,85022,14615772.37,2611
2026-08-18,INE353A01023,NDLVENTURE,EQ,122.15,122.74,113.95,116.17,116.0,123.56,57215,6747365.95,671
2026-08-18,INE07OG01012,NDRAUTO,EQ,803.55,809.95,789.3,794.25,792.1,803.55,15998,12791935.65,1142
2026-08-18,INE155G01029,NDTV,EQ,75.28,76.99,75.28,75.7,75.5,76.34,41217,3121056.31,701
2026-08-18,INE023H01027,NECLIFE,EQ,11.3,11.5,10.63,10.76,10.8,11.23,341767,3736043.74,800
2026-08-18,INE605D01012,NEAGI,EQ,3312.4,3440.0,3312.4,3325.2,3325.2,3295.9,102,347109.3,42
2026-08-18,INE189I01024,NELCAST,EQ,116.94,120.15,116.94,118.35,118.0,116.94,81362,9645123.11,2526
2026-08-18,INE045B01015,NELCO,EQ,1092.3,1098.0,938.6,948.8,945.0,1081.5,2131064,2072377836.0,67972
2026-08-18,INE21UM01018,NEOCHEM,ST,95.0,96.05,95.0,95.65,96.05,94.7,12000,1146240.0,7
2026-08-18,INE136S01016,NEOGEN,EQ,2251.1,2483.9,2241.0,2328.5,2354.9,2270.1,1415053,3382289501.7,137383
2026-08-18,INE0SUN01013,NEPHROCARE,ST,78.9,78.9,78.9,78.9,78.9,83.05,7200,568080.0,13
2026-08-18,INE428V01029,NEPHROPLUS,EQ,694.9,713.65,691.0,699.1,697.9,694.65,175409,123455969.55,10449
2026-08-18,INE156901014,NEPTUNE,SM,180.0,180.0,177.5,178.95,179.0,180.0,24000,4280125.0,31
2026-08-18,INE317F01035,NESCO,EQ,1041.4,1049.3,1030.6,1034.7,1036.0,1046.3,20418,21205836.1,2277
2026-08-18,INE239A01024,NESTLEIND,EQ,1478.0,1479.8,1453.0,1462.5,1462.5,1470.0,1815216,2664236156.3,64461
2026-08-18,INE0NT901020,NETWEB,EQ,5110.0,5396.4,5092.8,5354.5,5325.0,5212.4,2395703,12712617308.5,178003
2026-08-18,INE0FFK01017,NPST,EQ,1638.0,1638.0,1540.8,1591.0,1581.0,1622.8,39454,62334210.0,4306
2026-08-18,INE870H01013,NETWORK18,EQ,29.0,29.0,28.34,28.51,28.42,28.95,2751991,78653820.52,11859
2026-08-18,INE333I01044,NEUEON,BE,18.33,18.35,16.7,16.8,17.2,17.55,57179,989078.24,162
2026-08-18,INE794A01010,NEULANDLAB,EQ,23670.0,23881.0,23264.0,23370.0,23399.0,23661.0,55362,1300476503.0,18077
2026-08-18,INE619B01017,NEWGEN,EQ,533.1,534.5,526.4,528.45,528.8,534.85,290297,153677952.2,8929
2026-08-18,INE0PW501021,NEWJAISA,ST,18.0,18.0,17.5,17.5,17.5,17.85,21000,372225.0,8
2026-08-18,INE0TP801012,NMSTEEL,SM,23.0,23.0,23.0,23.0,23.0,23.0,3200,73600.0,2
2026-08-18,INE747B01016,NEXTMEDIA,EQ,3.98,3.98,3.7,3.71,3.72,3.91,38951,145914.26,42
2026-08-18,INE0NDH25011,NXST,RR,169.0,169.45,167.75,167.81,168.0,168.01,406833,68469435.69,9653
2026-08-18,INE0T1501010,NFPSAMPOOR,SM,23.0,23.0,22.2,22.2,22.2,23.0,12000,271600.0,6
2026-08-18,INE887E01022,NGLFINE,EQ,2940.0,3265.0,2923.2,3023.5,3055.0,2908.4,110560,348153953.2,18434
2026-08-18,INE848E01016,NHPC,EQ,76.59,76.99,76.2,76.73,76.73,76.6,5338983,408667325.97,21449
2026-08-18,INE149O01018,NIBE,EQ,1469.0,1480.0,1420.0,1444.4,1439.8,1439.0,68883,100410068.5,5244
2026-08-18,INE653C01022,NICCOPAR,EQ,77.0,77.0,72.0,75.25,75.25,73.0,268,20148.07,28
2026-08-18,INE0J6L01013,NIDAN,SM,13.95,13.95,13.5,13.5,13.5,12.75,8000,110800.0,8
2026-08-18,INE342G01023,NIITMTS,EQ,240.0,241.0,234.0,235.53,235.21,239.01,108219,25489377.81,4838
2026-08-18,INE161A01038,NIITLTD,EQ,95.25,95.7,92.89,93.08,93.01,95.63,407309,38222777.23,3583
2026-08-18,INE937C01029,NILAINFRA,EQ,7.03,7.13,7.01,7.02,7.02,7.02,95278,671424.5,282
2026-08-18,INE00S901012,NILASPACES,EQ,13.05,13.45,12.5,12.74,12.77,12.87,1158760,15003988.09,1848
2026-08-18,INE445D01013,NILE,EQ,1463.1,1549.9,1463.1,1525.9,1530.0,1477.6,6611,10033589.8,813
2026-08-18,INE310A01015,NILKAMAL,EQ,1810.0,1880.0,1776.1,1846.7,1860.0,1810.0,37336,68085867.2,4176
2026-08-18,INE875B01015,NIMBSPROJ,EQ,184.0,186.0,176.6,179.44,184.9,184.0,29851,5514573.04,56
2026-08-18,INE395U01014,NINSYS,EQ,735.0,749.3,712.6,729.0,729.0,735.4,3635,2647707.75,344
2026-08-18,INF204KB15I9,BANKBEES,EQ,597.03,597.48,593.24,594.86,594.65,598.42,535231,318121391.06,6564
2026-08-18,INF204KA1LD7,CONSUMBEES,EQ,135.61,135.61,134.02,134.2,134.17,135.23,51122,6868471.72,880
2026-08-18,INF204KA1MS3,DIVOPPBEES,EQ,78.98,78.98,77.65,77.77,77.93,78.5,112680,8770438.23,797
2026-08-18,INF204KB18I3,NV20BEES,EQ,140.58,140.7,139.59,139.9,139.9,140.96,6658,931421.56,193
2026-08-18,INF204KB17I5,GOLDBEES,EQ,126.85,126.85,126.17,126.43,126.45,126.42,13766507,1740355788.05,54576
2026-08-18,INF204KB19I1,HNGSNGBEES,EQ,484.53,485.5,480.0,481.22,480.95,484.53,138674,66908127.25,4178
2026-08-18,INF732E01268,INFRABEES,EQ,977.8,977.8,970.36,973.68,972.51,977.79,4375,4257650.71,316
2026-08-18,INF204KB15V2,ITBEES,EQ,34.24,34.5,33.55,33.58,33.64,34.24,9883643,333179282.53,25401
2026-08-18,INF732E01045,JUNIORBEES,EQ,815.0,815.0,805.01,805.9,805.01,808.27,262809,212028633.28,6418
2026-08-18,INF732E01037,LIQUIDBEES,EQ,999.99,1000.01,999.99,1000.0,1000.01,999.99,2862680,2862688458.01,4076
2026-08-18,INF204KB1882,LTGILTBEES,EQ,30.07,30.08,29.97,30.02,30.05,30.05,727798,21854543.64,619
2026-08-18,INF204KB1V68,MID150BEES,EQ,244.99,244.99,241.89,242.35,242.2,242.89,611444,148118843.96,20823
2026-08-18,INF204K014N5,NIF100BEES,EQ,270.68,273.38,267.68,269.25,268.9,270.68,104961,28279132.5,699
2026-08-18,INF204KB14I2,NIFTYBEES,EQ,278.99,278.99,275.81,276.1,276.1,277.91,4677291,1292199812.9,41043
2026-08-18,INF204KB16I7,PSUBNKBEES,EQ,97.64,97.97,96.3,96.52,96.35,97.65,1507802,145914200.64,6743
2026-08-18,INF732E01128,SHARIABEES,EQ,470.92,470.92,459.03,460.1,462.0,466.26,10637,4895889.09,627
2026-08-18,INE298J01013,NAM-INDIA,EQ,1199.9,1205.0,1161.3,1170.6,1170.6,1202.7,1023188,1203286790.5,43548
2026-08-18,INF204KC1FU1,LIQGRWBEES,EQ,1052.07,1052.09,1052.07,1052.07,1052.09,1051.95,68851,72436510.67,184
2026-08-18,INF204KC1GH6,MANUFGBEES,EQ,168.79,168.79,166.51,166.85,167.18,167.28,6858,1145385.12,96
2026-08-18,INF204KC1337,AUTOBEES,EQ,306.21,306.56,302.9,303.77,304.15,303.12,141414,42935592.67,1956
2026-08-18,INF204KC1089,PHARMABEES,EQ,27.85,27.85,26.5,27.18,27.25,27.18,3531468,96031896.15,8690
2026-08-18,INF204KC1402,SILVERBEES,EQ,221.56,222.58,221.16,221.62,221.7,223.61,11785788,2614901435.12,46830
2026-08-18,INF204KC1EZ3,SNXT30BEES,EQ,43.7,43.7,43.11,43.33,43.55,43.73,21687,943433.17,75
2026-08-18,INE368I01016,NIRAJ,EQ,28.8,28.97,27.8,28.92,28.85,28.61,58369,1671003.85,234
2026-08-18,INE326T01011,NIRAJISPAT,EQ,225.0,230.0,200.0,212.0,212.0,211.0,223,50241.75,13
2026-08-18,INE910A01012,NIRLON,EQ,625.4,626.0,620.15,621.9,622.95,621.5,4271,2657416.95,341
2026-08-18,INE0OK701014,NIRMAN,SM,32.8,32.9,31.4,31.6,31.5,31.35,11400,363750.0,33
2026-08-18,INE858F01012,NITCO,EQ,92.01,93.0,90.8,91.81,91.6,92.54,487557,44815752.68,2782
2026-08-18,INE229H01012,NITINSPIN,EQ,556.75,610.0,554.5,606.9,609.0,553.75,3703991,2215554582.55,88265
2026-08-18,INE439T01012,NITIRAJ,EQ,201.19,208.99,201.19,202.46,202.0,203.23,553,113238.11,38
2026-08-18,INE265B01019,NITTAGELA,EQ,1597.1,1631.0,1591.5,1599.8,1600.0,1589.1,6641,10690414.5,884
2026-08-18,INE995S01015,NIVABUPA,EQ,82.11,84.25,82.11,83.74,83.75,82.71,644696,53935252.15,9060
2026-08-18,INE542C01019,NKIND,EQ,61.85,61.85,59.9,60.02,61.23,60.49,112,6725.53,8
2026-08-18,INE589A01014,NLCINDIA,EQ,277.2,278.7,274.3,276.65,276.6,277.65,866666,239587094.6,16771
2026-08-18,INE584A01023,NMDC,EQ,85.03,85.41,83.1,84.19,84.19,85.5,18390025,1547001594.14,52009
2026-08-18,INE0NNS01018,NSLNISP,EQ,41.0,41.91,40.25,40.49,40.48,41.76,8519973,347497678.84,27991
2026-08-18,INE163A01018,NOCIL,EQ,162.6,167.33,162.51,162.93,162.62,163.71,226911,37247069.15,3778
2026-08-18,INE781B01015,NOIDATOLL,BE,4.04,4.15,3.98,4.07,4.07,4.03,27494,111087.19,140
2026-08-18,INE369C01017,NORBTEAEXP,EQ,66.5,67.6,64.3,66.72,67.5,66.17,1506,99939.11,35
2026-08-18,INE553C01016,NECCLTD,BE,14.55,14.9,14.23,14.52,14.6,14.97,49301,711919.21,307
2026-08-18,INE850M01015,NORTHARC,EQ,278.4,295.0,276.5,289.2,290.0,278.7,974974,277783717.75,15922
2026-08-18,INE02H701025,NOVAAGRI,BE,25.4,26.99,24.6,25.52,25.21,25.71,67636,1738109.13,323
2026-08-18,INE234A01025,NOVARTIND,EQ,1589.1,1601.9,1579.0,1596.5,1601.0,1589.1,3787,6023350.6,850
2026-08-18,INE349A01021,NRBBEARING,EQ,484.0,491.35,478.45,485.6,485.0,484.05,506917,245793787.8,14355
2026-08-18,INE047O01014,NIBL,EQ,32.21,32.95,31.0,31.43,31.52,32.72,18101,572651.09,330
2026-08-18,INE0ONG01011,NTPCGREEN,EQ,92.09,92.79,91.9,92.17,92.02,92.14,1292982,119253413.41,11341
2026-08-18,INE733E01010,NTPC,EQ,337.0,339.3,333.9,337.1,337.1,337.0,9943991,3362374629.2,115642
2026-08-18,INE096B01018,NUCLEUS,EQ,713.5,720.65,707.05,711.85,708.65,713.8,10551,7524189.05,1209
2026-08-18,INE0JM501013,NRL,BE,116.0,116.0,115.0,115.0,115.0,116.0,63961,7376104.9,128
2026-08-18,INE0DSF01015,NURECA,BE,349.3,349.3,327.0,329.9,328.0,340.3,6463,2141730.05,214
2026-08-18,INE531F01023,NUVAMA,EQ,1727.4,1750.0,1696.4,1746.8,1745.0,1731.2,342098,590917419.5,24444
2026-08-18,INE118D01016,NUVOCO,EQ,331.1,331.45,325.1,326.45,326.75,331.1,193929,63519537.5,9584
2026-08-18,INE0SF023016,NXT-INFRA,IV,96.0,97.0,95.33,97.0,97.0,95.5,23400000,2231367000.0,66
2026-08-18,INE426Z01016,OBCL,EQ,54.0,54.6,53.16,54.0,54.0,53.99,20269,1094624.73,24
2026-08-18,INE093I01010,OBEROIRLTY,EQ,1950.4,1960.7,1858.0,1858.0,1858.0,1931.0,1642587,3126212994.9,69395
2026-08-18,INE0YHV01011,OBSCP,SM,888.0,888.0,841.0,850.7,849.15,860.15,47600,40883820.0,114
2026-08-18,INE0PK601023,OCCLLTD,BE,158.9,164.81,156.95,164.81,164.81,156.97,78853,12766518.68,415
2026-08-18,INE054301028,ODIGMA,EQ,22.21,22.99,22.21,22.88,22.47,22.64,10518,237274.38,306
2026-08-18,INE839E01023,ODYCORP,EQ,7.49,7.49,6.36,6.78,6.64,7.15,12996,88380.17,91
2026-08-18,INE213A01029,ONGC,EQ,239.5,241.3,238.02,239.5,239.5,238.49,14903605,3573489456.94,138575
2026-08-18,INE591A01010,OILCOUNTUB,BE,59.8,59.8,57.8,59.6,59.8,59.6,12076,714214.09,70
2026-08-18,INE274J01014,OIL,EQ,480.0,487.2,478.7,480.5,480.5,474.65,5000847,2414841314.55,57053
2026-08-18,INE0LXG01040,OLAELEC,EQ,39.22,39.65,38.5,38.61,38.63,39.22,18175012,705430012.69,52570
2026-08-18,INE260D01016,OLECTRA,EQ,1329.0,1337.0,1316.7,1324.1,1323.0,1320.1,189197,251011085.2,12841
2026-08-18,INE1BZC01019,OMFREIGHT,BE,95.3,95.3,92.15,94.2,94.1,95.31,2997,280237.63,61
2026-08-18,INE239D01028,OMINFRAL,EQ,87.0,87.99,85.85,86.75,86.99,86.87,94141,8203088.47,2115
2026-08-18,INE25E901019,OMPOWER,EQ,167.13,168.0,164.6,167.64,167.25,167.96,44477,7393706.41,879
2026-08-18,INE090B01011,OMAXAUTO,EQ,196.28,199.9,195.41,198.69,199.77,195.24,27371,5412426.38,883
2026-08-18,INE800H01010,OMAXE,EQ,100.57,104.8,99.75,101.93,102.0,100.83,2278564,233437906.62,16527
2026-08-18,INE338Y01016,OMFURN,SM,55.0,57.15,54.9,57.1,57.1,54.45,159600,8831580.0,14
2026-08-18,INE0UH301010,OMNI,EQ,564.0,587.5,564.0,581.6,580.0,564.45,442473,255852790.15,15980
2026-08-18,INE00ER01015,ONDOOR,SM,244.0,244.0,236.0,236.0,236.0,244.0,2400,575445.0,7
2026-08-18,INE982J01020,PAYTM,BL,1535.1,1535.1,1535.1,1535.1,1535.1,1367.8,19210110,29489439861.0,18
2026-08-18,INE982J01020,PAYTM,EQ,1580.2,1599.0,1546.3,1546.3,1546.3,1580.2,3848121,6023965863.8,148816
2026-08-18,INE670O01013,ONEGLOBAL,EQ,537.05,543.0,537.05,537.05,537.05,565.3,17961,9655078.85,624
2026-08-18,INE0HLU01028,MOBIKWIK,EQ,202.0,204.38,198.5,198.99,198.93,202.83,798511,159724713.65,8604
2026-08-18,INE840Y01029,ONEPOINT,EQ,56.93,57.28,55.76,56.25,56.2,57.21,767856,43368987.51,12553
2026-08-18,INE0OPS01011,OLIL,SM,410.0,414.95,405.0,414.0,414.0,415.0,6000,2464380.0,13
2026-08-18,INE912L01015,ONELIFECAP,BE,34.52,35.28,33.64,33.79,33.64,35.41,77480,2622390.58,112
2026-08-18,INE12F801023,KISSHT,EQ,301.05,306.95,299.9,302.55,302.45,304.6,452909,136968186.7,8174
2026-08-18,INE013P01021,ONESOURCE,EQ,1554.0,1570.2,1531.2,1542.3,1539.8,1558.2,231526,358429517.9,19615
2026-08-18,INE831A01028,ONIDA,EQ,35.76,36.88,35.52,35.68,35.8,36.02,150788,5423967.36,1518
2026-08-18,INE173M01012,ONIXSOLAR,EQ,357.0,357.0,356.65,356.65,356.65,375.4,1217,434052.5,47
2026-08-18,INE809I01019,ONMOBILE,BE,60.54,60.54,60.54,60.54,60.54,61.77,9684,586269.36,115
2026-08-18,INE229A01017,ONWARDTEC,EQ,286.75,286.8,282.0,283.65,283.3,286.75,14701,4174908.6,615
2026-08-18,INE0WVU01018,ONYX,ST,39.75,41.0,39.75,41.0,41.0,41.8,18000,728200.0,9
2026-08-18,INE350C01017,OPTIEMUS,EQ,554.35,557.95,543.2,551.15,550.0,554.35,118199,64916356.6,5388
2026-08-18,INE031G01022,OPTIFIN,EQ,11.41,13.74,11.41,11.76,11.77,11.45,5730,71502.16,98
2026-08-18,INE1JZB01022,OPTIMYSTIX,ST,178.0,181.4,173.9,179.15,180.0,182.0,229600,40543760.0,154
2026-08-18,INE15B101011,OPTIVALUE,ST,177.05,194.5,177.05,192.5,192.5,185.25,172800,33253600.0,70
2026-08-18,INE881D01027,OFSS,EQ,11751.0,11840.0,11614.0,11623.0,11623.0,11789.0,111496,1309875375.0,16128
2026-08-18,INE231G01010,ORBTEXP,BE,230.73,239.2,227.55,235.47,235.79,230.73,4109,959736.89,64
2026-08-18,INE215B01022,ORCHASP,EQ,1.42,1.43,1.38,1.42,1.43,1.4,141220,198484.89,199
2026-08-18,INE191A01027,ORCHPHARMA,EQ,999.0,1000.0,951.0,969.2,970.0,998.35,103600,100231425.75,9684
2026-08-18,INE0OUT01019,ORIANA,SM,1246.0,1267.95,1180.1,1212.45,1214.85,1246.0,145425,177264513.75,1368
2026-08-18,INE730A01022,ORICONENT,EQ,53.11,57.81,52.31,56.03,54.91,53.38,832809,45951817.39,1726
2026-08-18,INE607D01018,ORIENTBELL,EQ,349.1,361.9,348.0,349.95,351.0,349.05,31200,10983310.4,824
2026-08-18,INE876N01018,ORIENTCEM,EQ,131.89,132.0,130.12,130.54,130.99,131.89,100991,13224923.95,1414
2026-08-18,INE569C01020,ORIENTCER,EQ,43.8,44.69,42.8,43.8,43.99,44.08,79766,3487977.85,1629
2026-08-18,INE142Z01019,ORIENTELEC,EQ,187.6,188.31,183.75,184.22,183.75,187.42,102644,18983050.96,1803
2026-08-18,INE999K01014,GREENPOWER,EQ,9.52,9.56,9.39,9.42,9.45,9.55,1444950,13656519.59,3561
2026-08-18,INE750A01020,ORIENTHOT,EQ,122.0,124.04,119.12,121.21,122.0,122.35,192296,23290031.52,3296
2026-08-18,INE592A01026,ORIENTPPR,EQ,17.25,17.64,17.02,17.34,17.3,17.1,283563,4910919.87,899
2026-08-18,INE609C01024,ORIENTLTD,BE,76.01,78.98,74.49,76.11,75.5,76.01,1146,88878.34,39
2026-08-18,INE0PPK01015,ORIENTTECH,EQ,253.95,255.65,247.35,249.6,248.5,254.85,141869,35588335.5,3209
2026-08-18,INE959C01023,OAL,EQ,349.5,358.0,339.5,341.95,341.95,349.45,15287,5279204.45,554
2026-08-18,INE457G01029,ORIRAIL,EQ,110.2,110.5,105.0,107.73,109.0,109.4,19425,2094862.35,348
2026-08-18,INE998H01012,ORIENTALTL,EQ,5.1,5.12,5.0,5.01,5.01,5.05,94568,475853.36,275
2026-08-18,INE725E01024,ORISSAMINE,EQ,4825.1,4916.8,4725.0,4747.5,4745.0,4871.1,11722,56003746.8,2759
2026-08-18,INE16NZ01023,ORKLAINDIA,EQ,544.3,551.45,542.3,545.55,542.3,544.3,43632,23814237.45,4723
2026-08-18,INE749B01020,ORTINGLOBE,EQ,15.1,16.5,15.1,15.79,15.36,15.89,18953,301097.48,41
2026-08-18,INE0RMF01018,OSELDEVICE,SM,373.0,375.95,362.25,365.95,364.0,374.85,36400,13396650.0,137
2026-08-18,INE06IR01021,OSIAHYPER,BE,2.7,2.7,2.68,2.7,2.7,2.58,408435,1102143.87,327
2026-08-18,INE142A01012,OSWALAGRO,EQ,38.4,38.5,36.36,36.77,36.99,37.82,56877,2126665.74,506
2026-08-18,INE143A01010,OSWALGREEN,EQ,21.08,21.4,20.85,20.92,20.89,21.08,52882,1107502.43,381
2026-08-18,INE0BYP01024,OSWALPUMPS,EQ,302.45,303.55,293.8,297.95,298.0,304.0,793507,235581204.95,11803
2026-08-18,INE0R8M01017,OWAIS,ST,71.85,72.6,71.25,71.25,71.25,74.95,14400,1027090.0,86
2026-08-18,INE501F01018,PBMPOLY,EQ,64.8,64.8,58.8,60.42,61.0,63.5,405,24712.25,27
2026-08-18,INE953R01016,PNGJL,EQ,614.85,619.4,604.25,607.85,608.5,610.4,166334,101242611.35,7116
2026-08-18,INE035S01028,POEL,EQ,148.41,165.31,148.41,161.65,162.98,148.41,43701,6920769.79,1000
2026-08-18,INE0XUS01020,PSRAJ,ST,80.3,81.0,79.45,81.0,81.0,83.6,17500,1399625.0,7
2026-08-18,INE179A01014,PGHH,EQ,8400.0,8410.0,8300.0,8317.0,8314.0,8365.0,11764,98042508.0,3108
2026-08-18,INE0S3G01027,PACEDIGITK,EQ,176.46,178.05,176.0,176.66,176.93,176.46,402007,71196309.26,4613
2026-08-18,INE883C01025,PACIFICI,EQ,141.16,141.16,138.99,138.99,138.99,139.77,34,4757.76,12
2026-08-18,INE761H01022,PAGEIND,EQ,37370.0,37495.0,36425.0,36425.0,36425.0,37360.0,46266,1701487515.0,18879
2026-08-18,INE420C01059,PAISALO,EQ,67.9,69.1,67.2,67.57,67.5,67.59,6916449,470270599.83,14295
2026-08-18,INE551D01018,PAKKA,EQ,92.51,100.63,88.41,95.49,95.0,89.28,2369403,224949594.92,26356
2026-08-18,INE471W01019,PALASHSECU,EQ,86.51,88.98,84.5,86.46,86.25,89.78,11363,986745.22,121
2026-08-18,INE218G01033,PALREDTEC,BE,51.0,55.74,51.0,55.6,55.74,53.09,9300,513343.87,60
2026-08-18,INE922B01023,PANACEABIO,EQ,411.45,424.5,401.2,405.85,406.75,413.15,159241,65359217.2,4485
2026-08-18,INE895W01019,PANACHE,BE,540.65,559.4,525.0,538.15,551.8,540.65,8916,4813760.25,210
2026-08-18,INE305C01029,PANAMAPET,EQ,491.7,512.2,489.0,502.65,504.5,487.1,850415,428548239.0,20868
2026-08-18,INE798F01010,PANCHMAHQ,EQ,331.0,331.0,275.0,286.85,286.85,315.0,81,23873.8,18
2026-08-18,INE258R01028,PANORAMA,EQ,47.85,48.03,45.86,46.41,46.06,47.16,591390,28114074.54,886
2026-08-18,INE697V01011,PANSARI,EQ,318.0,318.0,302.0,314.85,303.0,318.65,125,38724.5,42
2026-08-18,INE04LG01015,PAR,EQ,100.91,102.5,98.3,101.24,100.0,100.91,17995,1808608.87,158
2026-08-18,INE088F01024,PARADEEP,EQ,146.66,149.65,145.07,147.82,147.55,146.66,2052905,302404404.07,21397
2026-08-18,INE883N01014,PARAGMILK,EQ,208.0,219.98,208.0,211.03,213.0,207.29,1852610,397876743.75,23200
2026-08-18,INE0N4G01012,PARAGON,SM,48.05,49.8,48.05,49.65,49.7,49.0,27600,1350480.0,21
2026-08-18,INE074B01023,PARACABLES,EQ,63.11,66.0,63.11,63.64,63.96,63.55,1520266,97942631.42,9766
2026-08-18,INE045601023,PARAS,EQ,1385.0,1527.3,1384.7,1527.3,1527.3,1388.5,5405217,7995873291.7,179035
2026-08-18,INE162C01024,PARASPETRO,EQ,2.3,2.36,2.24,2.26,2.27,2.3,259668,592046.68,303
2026-08-18,INE00U801010,PARIN,SM,725.0,725.0,725.0,725.0,725.0,713.0,250,181250.0,1
2026-08-18,INE119201023,PARKHOSPS,EQ,276.0,278.85,273.55,276.85,275.3,276.65,253850,70055373.85,10819
2026-08-18,INE988S01028,PARKHOTELS,EQ,116.48,117.79,115.5,116.4,116.2,116.48,102246,11903837.28,1506
2026-08-18,INE383L01019,PARNAXLAB,EQ,120.99,123.0,116.0,122.0,122.0,119.65,1881,228480.44,59
2026-08-18,INE561H01026,PARSVNATH,BE,1.45,1.45,1.45,1.45,1.45,1.47,488299,708033.55,157
2026-08-18,INE1H7V01011,PARTH,SM,460.0,465.0,455.0,462.8,463.0,459.2,26000,11963420.0,56
2026-08-18,INE06ZX01015,PARTYCRUS,SM,81.0,83.0,81.0,81.0,81.0,83.5,4000,326400.0,4
2026-08-18,INE124Y01028,PASHUPATI,EQ,85.7,85.7,84.71,85.32,85.45,84.79,10109,862284.02,1743
2026-08-18,INE818B01023,PASUPTAC,BE,62.75,64.0,61.1,61.54,61.9,61.08,77265,4823512.09,376
2026-08-18,INE619A01035,PATANJALI,EQ,352.5,353.9,345.8,351.65,351.65,353.9,3890440,1364832154.1,26539
2026-08-18,INE244B01030,PATELENG,EQ,28.4,28.58,27.72,27.84,27.9,28.48,2937500,82372666.34,8021
2026-08-18,INE529D01014,PATINTLOG,BE,14.05,14.05,13.35,13.65,13.86,13.7,75798,1040307.75,177
2026-08-18,INE0R8B01010,PATELRMART,EQ,228.0,235.99,222.44,228.5,229.55,229.1,203946,47109431.43,4581
2026-08-18,INE17GV01016,PATILAUTOM,SM,242.5,247.75,228.0,235.45,235.8,237.95,127800,30250170.0,162
2026-08-18,INE291E01019,PML,EQ,500.0,504.9,490.4,504.9,504.9,503.45,459,228126.1,21
2026-08-18,INE111F01024,PAUSHAKLTD,EQ,734.25,759.0,723.05,752.35,758.0,734.2,43118,32087169.45,3119
2026-08-18,INE07S101038,PAVNAIND,EQ,18.92,18.92,17.67,18.15,18.0,18.92,65817,1193647.53,332
2026-08-18,INE417T01026,POLICYBZR,EQ,1728.0,1767.5,1721.1,1747.0,1747.0,1728.1,1267107,2223017748.3,35731
2026-08-18,INE785M01021,PCJEWELLER,EQ,9.78,9.79,9.56,9.62,9.61,9.79,66270759,641242905.35,26782
2026-08-18,INE602A01031,PCBL,EQ,321.0,329.9,317.35,326.55,327.35,315.45,4673600,1511902381.6,58267
2026-08-18,INE111Q01021,PDSL,EQ,375.0,375.4,361.75,363.0,362.65,376.35,86518,31746352.15,5044
2026-08-18,INE940H01022,PGIL,EQ,2390.0,2390.5,2351.0,2360.8,2360.5,2378.0,37637,89154256.9,8882
2026-08-18,INE844A01013,PEARLPOLY,EQ,16.31,16.5,16.11,16.12,16.12,16.3,1496,24281.96,23
2026-08-18,INE0VG601013,PELATRO,SM,281.0,287.0,281.0,286.5,286.5,283.5,1800,512985.0,6
2026-08-18,INE138A01028,PENINLAND,BE,14.93,15.15,14.93,15.1,15.1,15.22,30981,463991.05,60
2026-08-18,INE932A01024,PENIND,EQ,151.5,153.45,150.06,152.49,152.7,151.45,202503,30775940.46,3461
2026-08-18,INE0ORS01017,PENTAGON,SM,50.25,50.25,50.25,50.25,50.25,50.25,2000,100500.0,2
2026-08-18,INE418E01018,PERMAGN,EQ,821.0,821.0,784.05,804.75,810.95,813.6,3492,2794952.85,390
2026-08-18,INE262H01021,PERSISTENT,EQ,5571.5,5571.5,5442.5,5442.5,5442.5,5570.0,353161,1944272347.5,22043
2026-08-18,INE998U01015,PCCL,SM,310.0,320.0,310.0,319.45,320.0,308.45,25200,7965080.0,52
2026-08-18,INE347G01014,PETRONET,EQ,281.8,286.95,281.8,286.25,286.25,281.8,2933102,836964449.95,38094
2026-08-18,INE134E07DJ3,PFCL41A,NE,985.0,985.0,985.0,985.0,985.0,985.0,3,2955.0,1
2026-08-18,INE134E07DO3,720PFCL36,N6,1020.95,1020.95,1020.95,1020.95,1020.95,1020.95,5,5104.75,1
2026-08-18,INE182A01018,PFIZER,EQ,4818.0,4825.0,4751.2,4799.3,4824.8,4829.1,76326,364788863.7,8611
2026-08-18,INE457L01029,PGEL,EQ,609.0,614.3,594.5,597.0,597.0,614.0,2081510,1250959981.6,29866
2026-08-18,INE0MLZ01019,PHANTOMFX,SM,123.8,133.95,122.85,124.1,123.0,122.4,39000,4942095.0,90
2026-08-18,INE245B01011,PHOENXINTL,EQ,34.8,34.8,29.05,30.17,30.96,32.58,10208,325408.48,181
2026-08-18,INE0FPO01018,PHOGLOBAL,SM,15.5,15.6,15.05,15.5,15.5,15.8,16000,246600.0,8
2026-08-18,INE0LP301011,PWL,EQ,119.65,125.0,115.65,122.05,123.3,119.97,52106492,6352477650.23,195513
2026-08-18,INE603J01030,PIIND,EQ,2490.0,2545.0,2458.6,2515.0,2515.0,2472.0,623898,1551869824.7,25472
2026-08-18,INE546C01010,PICCADIL,EQ,699.8,709.95,688.5,692.85,692.0,695.45,401956,280639328.5,16632
2026-08-18,INE0YAL01017,PPSL,SM,2.75,2.95,2.75,2.95,2.95,2.85,111000,312600.0,33
2026-08-18,INE318A01026,PIDILITIND,EQ,1665.0,1674.0,1657.3,1674.0,1674.0,1669.0,655495,1091860552.5,21882
2026-08-18,INE600A01035,PILITA,EQ,8.52,8.52,8.01,8.06,8.03,8.18,62549,508202.22,166
2026-08-18,INE417C01014,PILANIINVS,EQ,4444.8,4464.0,4380.0,4385.7,4380.0,4445.1,1861,8206435.6,341
2026-08-18,INE15B701018,PINELABS,EQ,163.35,165.41,159.25,160.32,160.18,162.63,13598806,2200645458.8,104559
2026-08-18,INE156C01018,PIONEEREMB,EQ,22.61,22.79,22.56,22.65,22.7,22.78,6217,140628.58,52
2026-08-18,INE746D01014,PIONRINV,BE,84.5,84.5,80.47,80.47,80.47,84.7,512,41633.24,12
2026-08-18,INE202B01038,PIRAMALFIN,EQ,2052.0,2079.8,2038.0,2060.5,2051.1,2066.1,176263,363439168.9,16996
2026-08-18,INE0DK501011,PPLPHARMA,EQ,200.1,211.6,200.1,210.53,210.4,204.73,5337954,1113672339.82,55816
2026-08-18,INE450D01021,PITTIENG,EQ,1046.55,1059.9,1028.15,1035.8,1040.0,1046.55,171313,178705693.0,8405
2026-08-18,INE751B01018,PIXTRANS,EQ,1940.1,1953.4,1876.6,1884.8,1890.0,1938.8,17367,33062598.6,2793
2026-08-18,INE083C01022,PLASTIBLEN,EQ,191.3,193.0,188.8,190.71,190.05,191.8,22233,4235342.91,754
2026-08-18,INE0PT501018,PLATIND,EQ,216.05,217.83,206.2,209.69,210.35,214.2,83394,17558518.66,2454
2026-08-18,INE0INJ01017,PLAZACABLE,EQ,51.6,53.7,51.05,52.38,52.48,53.57,121729,6370334.68,1088
2026-08-18,INE859A01011,PNBGILTS,EQ,80.84,80.9,79.02,79.5,79.45,80.34,103481,8273464.55,1232
2026-08-18,INE572E01012,PNBHOUSING,EQ,1145.9,1153.9,1128.9,1145.8,1145.8,1150.8,739039,845121146.4,27453
2026-08-18,INE195J01029,PNCINFRA,EQ,215.15,215.19,210.82,213.96,214.0,215.17,454469,96629075.63,17894
2026-08-18,INE1RDG01013,PNGSREVA,EQ,567.2,616.0,566.55,574.2,578.0,576.45,383388,226442368.7,14314
2026-08-18,INE371C01013,PODDARMENT,EQ,256.8,256.8,251.0,252.4,255.0,253.45,638,161783.8,72
2026-08-18,INE637C01025,POKARNA,EQ,940.0,950.15,917.0,923.7,924.85,937.8,43179,40171129.85,2551
2026-08-18,INE205C01021,POLYMED,EQ,1733.6,1788.4,1722.7,1784.7,1785.9,1733.6,224876,398508529.0,23495
2026-08-18,INE455K01017,POLYCAB,EQ,9349.5,9349.5,9049.0,9139.0,9139.0,9370.0,256413,2352851967.0,28589
2026-08-18,INE633B01018,POLYPLEX,EQ,1217.1,1220.9,1177.9,1182.0,1183.0,1210.8,90057,107947478.3,4485
2026-08-18,INE517M01028,POLYSIL,SM,64.1,64.1,64.1,64.1,64.1,67.45,14000,897400.0,12
2026-08-18,INE914G01029,POLYSPIN,EQ,34.79,34.79,28.36,30.65,30.65,31.53,2118,66508.4,47
2026-08-18,INE063E01061,POCL,EQ,486.85,503.1,486.0,500.85,501.1,486.75,437989,218637028.85,9200
2026-08-18,INE838E01017,PONNIERODE,EQ,370.6,377.6,354.0,357.65,360.35,350.75,185152,67935381.75,6462
2026-08-18,INE511C01022,POONAWALLA,EQ,498.0,503.25,494.55,497.9,497.5,497.45,600068,299293821.8,14614
2026-08-18,INE772T01024,PVSL,EQ,114.94,119.8,114.94,118.25,118.37,115.9,32959,3906030.68,916
2026-08-18,INE0S3H01017,POSITRON,SM,169.0,169.0,163.5,166.0,166.5,169.95,5400,893205.0,16
2026-08-18,INE134E01011,PFC,EQ,375.0,376.55,373.6,374.45,374.45,374.4,7433916,2786279433.9,96275
2026-08-18,INE752E01010,POWERGRID,EQ,266.2,268.95,266.05,268.0,268.0,266.15,6792173,1816990733.7,55386
2026-08-18,INE557Z01018,PIGL,EQ,105.17,109.38,105.14,106.21,106.0,104.62,81795,8751280.67,1001
2026-08-18,INE211R01019,POWERMECH,EQ,2452.3,2494.0,2425.3,2443.8,2438.0,2452.3,53837,132245597.8,8982
2026-08-18,INE0GGX23010,PGINVIT,IV,100.45,100.48,99.89,99.94,99.98,100.3,1237846,123895183.19,6360
2026-08-18,INE921L01032,POWERICA,EQ,570.0,574.0,553.2,560.65,562.9,560.35,131838,74655514.25,5123
2026-08-18,INE095I01015,PPAP,BE,274.4,280.9,272.15,275.5,276.75,280.0,21301,5867982.45,342
2026-08-18,INE0I0M01023,PRABHA,EQ,164.31,196.05,163.0,192.2,189.0,163.38,5359104,1017175788.43,40505
2026-08-18,INE770A01010,PRADPME,BE,506.8,524.05,501.55,524.0,524.0,499.1,15087,7838646.5,130
2026-08-18,INE074A01025,PRAJIND,EQ,333.15,346.95,332.7,336.5,336.25,334.05,1435246,489072361.25,30917
2026-08-18,INE505C01016,PRAENG,EQ,19.98,19.98,18.8,19.12,19.15,19.8,61920,1196491.35,241
2026-08-18,INE603A01013,PRAKASH,EQ,135.0,136.89,132.7,134.97,134.05,134.43,606010,81752882.17,8498
2026-08-18,INE050001010,PPL,BE,269.5,273.0,267.0,271.3,272.9,272.65,16147,4346655.9,354
2026-08-18,INE696K01024,PRAKASHSTL,EQ,3.98,3.99,3.91,3.92,3.92,3.98,178977,701878.13,287
2026-08-18,INE0O7A01017,PRAMARA,SM,106.5,116.7,104.5,116.7,116.7,106.1,56000,6177175.0,75
2026-08-18,INE0VJG01014,PRANIK,SM,41.55,42.55,41.55,42.55,42.55,40.9,3200,134560.0,2
2026-08-18,INE393P01035,DIAMONDYD,EQ,1193.8,1203.8,1180.9,1193.8,1193.0,1190.4,11074,13212570.1,1363
2026-08-18,INE0QA601016,PRATHAM,SM,124.0,124.0,118.0,120.65,120.65,120.9,10400,1277320.0,8
2026-08-18,INE722B01019,PRAVEG,EQ,257.65,264.0,246.4,252.95,253.95,258.9,147168,36968587.1,4672
2026-08-18,INE546Y01022,PRAXIS,EQ,6.04,6.04,5.35,5.4,5.45,5.87,554400,3050982.02,660
2026-08-18,INE484I01029,PRECAM,EQ,133.75,136.04,132.25,133.16,132.7,134.65,57774,7750040.7,1726
2026-08-18,INE0HKW01018,PRECISION,ST,7.9,7.9,7.85,7.85,7.85,8.25,4000,31500.0,2
2026-08-18,INE372C01037,PRECWIRE,EQ,454.2,462.45,450.65,458.2,459.6,457.75,383093,175035123.7,15202
2026-08-18,INE283A01014,PRECOT,EQ,698.45,758.0,690.0,741.15,730.0,698.45,4837,3516435.7,440
2026-08-18,INE001E01012,PREMCO,EQ,385.0,385.0,372.5,375.65,375.15,378.35,472,177032.75,55
2026-08-18,INE0BS701011,PREMIERENE,EQ,1020.0,1029.9,1010.6,1014.7,1014.7,1015.5,538817,548620611.6,29556
2026-08-18,INE863B01029,PREMEXPLN,EQ,674.9,676.0,667.5,668.25,671.5,672.65,352325,236143727.6,3714
2026-08-18,INE342A01018,PREMIER,BE,2.7,2.83,2.7,2.77,2.77,2.72,1826,4973.41,10
2026-08-18,INE309M01020,PREMIERPOL,EQ,85.0,88.0,82.32,86.37,86.99,83.59,2453055,210527522.53,26508
2026-08-18,INE0CFG01012,PRLIND,SM,43.0,43.6,42.4,43.55,43.55,43.05,18000,772800.0,13
2026-08-18,INE0M1F01011,PREMIUM,SM,37.95,37.95,37.95,37.95,37.95,36.25,3000,113850.0,1
2026-08-18,INE0R1601012,PRESSTONIC,SM,29.5,30.5,28.4,28.85,28.8,29.25,42400,1227080.0,30
2026-08-18,INE811K01011,PRESTIGE,EQ,1588.0,1612.6,1563.1,1590.0,1590.0,1591.9,681676,1084170050.7,26883
2026-08-18,INE726V01018,PRICOLLTD,EQ,808.0,813.05,795.35,800.05,799.6,806.55,323362,259187983.95,20743
2026-08-18,INE0CQA01020,PRIMECAB,ST,185.0,192.9,183.0,191.45,190.0,185.0,24000,4543760.0,15
2026-08-18,INE367G01038,PFOCUS,EQ,266.05,289.0,264.0,286.25,285.65,266.4,2789751,791976156.75,48250
2026-08-18,INE032B01021,PRIMESECU,EQ,285.4,285.7,280.0,282.2,282.0,283.3,10289,2904669.7,346
2026-08-18,INE607A01022,PRIMO,EQ,23.7,23.7,22.75,22.98,22.95,23.28,116805,2694839.24,1096
2026-08-18,INE689W01016,PRINCEPIPE,EQ,285.6,291.45,283.35,289.75,288.1,284.25,278635,80290384.9,6339
2026-08-18,INE010A01011,PRSMJOHNSN,EQ,105.71,106.19,104.1,104.99,104.25,105.33,279191,29366675.13,3190
2026-08-18,INE286N01028,PRISMX,EQ,0.55,0.55,0.53,0.54,0.54,0.52,94707,51143.4,108
2026-08-18,INE974Z01015,PRITI,BE,34.5,34.5,34.0,34.18,34.39,34.56,8307,284002.56,143
2026-08-18,INE583R01029,PRITIKAUTO,BE,17.41,17.79,17.4,17.65,17.65,17.49,83001,1462436.95,269
2026-08-18,INE392B01011,PNC,EQ,18.1,18.7,17.9,18.15,17.9,18.1,8843,161105.81,159
2026-08-18,INE959A01019,PRIVISCL,EQ,3444.0,3484.2,3409.0,3454.6,3466.8,3449.0,88946,306527082.2,12805
2026-08-18,INE0V9N01017,PRIZOR,ST,832.0,870.0,832.0,839.5,843.5,840.15,11200,9498000.0,28
2026-08-18,INE0VJT01017,PROFX,SM,79.95,82.0,79.95,82.0,82.0,77.0,4800,387120.0,3
2026-08-18,INE199A01012,PGHL,EQ,5836.5,5853.0,5746.5,5838.0,5810.5,5836.5,13004,75464280.5,3142
2026-08-18,INE1FFX01018,PROPSHOP,SM,65.85,70.0,59.95,69.85,69.75,66.2,368000,25059500.0,126
2026-08-18,INE0BX301013,PROSTARM,EQ,136.6,140.98,131.27,132.22,133.0,135.96,217948,29486811.67,3263
2026-08-18,INE004A01022,PROTEAN,EQ,550.0,554.0,543.2,551.75,551.2,548.5,153670,84442910.9,6782
2026-08-18,INE0ONE01016,PROV,SM,1900.0,1940.0,1900.0,1925.0,1925.0,1905.0,1120,2160720.0,13
2026-08-18,INE195N01013,PROZONER,EQ,43.9,43.9,42.1,42.32,42.1,43.5,67445,2881811.61,408
2026-08-18,INE00F201020,PRUDENT,EQ,3352.0,3410.0,3311.1,3354.1,3365.0,3338.0,16403,55084409.7,5837
2026-08-18,INE024D01016,PRUDMOULI,BE,13.81,14.27,13.51,13.57,13.57,13.81,18888,262733.6,59
2026-08-18,INE488V01015,PSPPROJECT,EQ,946.0,960.3,937.7,942.35,940.0,947.0,50924,48309577.05,3381
2026-08-18,INE560K01014,PFS,EQ,28.14,29.6,27.95,28.2,28.44,28.14,492747,13876293.02,2966
2026-08-18,INE877F01012,PTC,EQ,160.99,162.5,158.57,158.89,158.8,160.62,1401008,222997017.53,15696
2026-08-18,INE596F01018,PTCIL,EQ,20451.0,20453.0,19549.0,19791.0,19690.0,20584.0,64760,1287191039.0,18737
2026-08-18,INE034D01049,PTL,EQ,38.85,38.85,38.48,38.51,38.5,38.65,37055,1428659.61,470
2026-08-18,INE865T01018,PDMJEPAPER,EQ,87.82,89.9,87.26,88.94,89.02,87.82,82180,7282001.16,1810
2026-08-18,INE335X01014,PULZ,SM,21.9,21.9,21.35,21.35,21.35,21.9,6000,129400.0,3
2026-08-18,INE608A01012,PSB,EQ,23.8,23.8,23.11,23.22,23.2,23.68,1165360,27204111.46,3939
2026-08-18,INE277B01014,PUNJABCHEM,EQ,1125.3,1165.0,1116.7,1133.6,1134.0,1127.3,9057,10353187.9,1145
2026-08-18,INE160A01022,PNB,EQ,117.0,117.99,116.5,116.5,116.5,117.32,7856627,919702803.48,41897
2026-08-18,INE323I01011,PURVA,EQ,227.5,231.8,220.13,224.36,222.25,226.6,1104429,246787622.77,15440
2026-08-18,INE0P5R01014,PURPLEUTED,ST,388.95,388.95,385.0,388.95,388.95,370.45,45000,17483750.0,98
2026-08-18,INE0R6C01012,PURVFLEXI,SM,48.0,48.5,47.35,48.5,48.5,49.8,16000,759080.0,19
2026-08-18,INE154801018,PUSHPA,SM,114.0,115.0,114.0,114.0,114.0,115.0,8000,916000.0,7
2026-08-18,INE362A01016,PVP,EQ,36.8,40.9,36.4,40.2,40.8,37.01,3330020,130546860.91,10409
2026-08-18,INE191H01014,PVRINOX,EQ,1194.2,1228.8,1188.5,1198.1,1205.0,1192.0,463266,559345869.9,29191
2026-08-18,INE0MIS01010,PYRAMID,EQ,169.0,169.3,162.02,163.55,162.65,166.69,73757,12130734.33,1362
2026-08-18,INE1G2W01011,QLINE,SM,531.7,534.0,522.0,524.05,523.0,529.15,35600,18810660.0,68
2026-08-18,INE0FMW01018,QMSMEDI,BE,139.89,140.89,132.5,135.24,137.0,138.13,44572,6102114.37,187
2026-08-18,INE0LRY01011,QUADFUTURE,EQ,350.0,353.1,338.75,341.0,342.8,349.35,214357,73345906.5,6142
2026-08-18,INE0SII01026,QPOWER,EQ,1302.9,1357.0,1290.0,1325.1,1324.2,1302.6,369801,488075746.7,15133
2026-08-18,INF082J01408,QGOLDHALF,EQ,126.74,128.0,126.51,126.74,126.75,126.73,158725,20111063.57,772
2026-08-18,INF082J01499,QNIFTY,EQ,275.16,275.16,266.1,266.74,267.0,268.45,4134,1104286.81,103
2026-08-18,INE615P01015,QUESS,EQ,346.6,350.75,333.35,336.9,333.9,343.9,935370,320879894.5,31915
2026-08-18,INE0TNW01017,QUESTLAB,SM,88.05,88.05,88.0,88.05,88.0,88.05,7200,633900.0,6
2026-08-18,INE306L01010,QUICKHEAL,BE,151.3,151.3,143.0,143.89,145.8,149.41,91964,13402986.6,1074
2026-08-18,INE0K4D01020,QUICKTOUCH,SM,17.25,17.25,17.25,17.25,17.25,18.15,4000,69000.0,7
2026-08-18,INE641R01017,QUINT,EQ,37.06,38.5,36.0,37.36,37.49,37.36,16736,623946.87,70
2026-08-18,INE0KZF01015,QVCEL,SM,24.6,26.1,24.5,26.1,26.1,25.15,9600,238240.0,4
2026-08-18,INE0NQ801033,RKSWAMY,EQ,99.8,101.18,97.01,98.25,98.3,97.47,46662,4646516.57,924
2026-08-18,INE219Y01026,RMDRIP,BE,17.26,17.65,17.19,17.27,17.34,17.87,147248,2552416.23,605
2026-08-18,INE951M01037,RRIL,EQ,17.12,18.29,17.12,17.94,18.0,17.54,16173,289497.67,164
2026-08-18,INE777K01022,RRKABEL,EQ,2748.6,2870.0,2740.5,2784.9,2790.0,2748.6,698009,1965033016.9,50779
2026-08-18,INE616F01022,RSDFIN,BE,101.2,101.2,101.17,101.17,101.17,106.49,324,32779.59,18
2026-08-18,INE411H01032,RSYSTEMS,EQ,240.1,244.95,240.0,242.3,241.65,240.2,141529,34286133.6,2967
2026-08-18,INE005C01017,RTSPOWR,EQ,105.0,113.0,96.0,96.72,99.94,94.73,1720,170720.41,67
2026-08-18,INE012Q01039,RNBDENIMS,EQ,8.5,8.8,8.4,8.46,8.57,8.58,216536,1852990.55,1031
2026-08-18,INE165B01029,RSSOFTWARE,EQ,32.4,32.5,30.44,31.79,31.15,31.59,12261,389172.06,160
2026-08-18,INE324L01013,RPPINFRA,EQ,58.35,58.9,57.31,57.51,57.51,58.35,95574,5544319.3,1425
2026-08-18,INE2PB023011,RIIT,IV,120.05,127.0,118.75,123.16,122.9,119.73,386144,46894135.96,2907
2026-08-18,INE084Q01012,RACE,EQ,102.73,104.48,101.15,103.86,103.99,102.73,1769,182030.74,56
2026-08-18,INE02OY01016,RILINFRA,SM,37.65,37.7,36.8,36.95,37.0,37.55,11000,408220.0,44
2026-08-18,INE704B01017,RACLGEAR,EQ,1350.7,1411.0,1348.9,1399.1,1385.0,1343.4,18531,25641737.9,2382
2026-08-18,INE874F01027,RADAAN,EQ,3.1,3.1,2.97,3.02,2.99,2.97,9545,29003.1,57
2026-08-18,INE583V01021,RADHIKAJWE,EQ,68.23,68.61,65.46,66.39,66.5,67.9,588642,39158141.34,4490
2026-08-18,INE855R01021,RADIANTCMS,EQ,35.0,36.23,34.35,34.45,34.51,34.86,321650,11288487.96,3364
2026-08-18,INE944F01028,RADICO,EQ,4695.0,4732.9,4625.5,4732.9,4732.9,4693.4,413785,1938549365.5,37953
2026-08-18,INE912T01018,RPEL,EQ,1440.0,1518.0,1416.3,1495.2,1500.0,1430.1,116005,171861149.2,11813
2026-08-18,INE415G01027,RVNL,EQ,226.2,227.88,225.0,225.0,225.0,228.5,2172981,490952514.5,23897
2026-08-18,INE0DD101019,RAILTEL,EQ,278.7,279.6,275.0,277.15,277.05,279.95,325210,90100067.3,9842
2026-08-18,INE855B01025,RAIN,EQ,205.5,208.5,200.9,203.74,204.0,205.91,3467534,710964892.09,22608
2026-08-18,INE961O01016,RAINBOW,EQ,1475.0,1477.1,1453.0,1458.7,1455.6,1478.5,52308,76596278.5,8316
2026-08-18,INE294G01026,ROML,EQ,44.06,45.0,44.06,44.17,44.67,44.09,2043,90351.93,23
2026-08-18,INE533D01032,RAJRILTD,BE,22.36,22.36,21.67,22.02,22.02,21.93,10186,226710.45,70
2026-08-18,INE952H01027,RAJTV,EQ,10.43,10.43,10.13,10.29,10.37,10.26,11719,120159.83,78
2026-08-18,INE296E01026,RAJPALAYAM,EQ,836.0,849.55,836.0,843.4,843.0,827.8,447,377178.4,51
2026-08-18,INE610C01014,ARENTERP,EQ,39.44,39.44,36.76,38.42,39.29,38.36,1431,54989.75,55
2026-08-18,INE343B01030,RAJESHEXPO,BZ,82.8,83.0,81.01,81.99,82.45,82.59,59277,4849646.69,889
2026-08-18,INE0BZQ01011,RCDL,SM,26.5,26.5,24.3,26.15,26.3,27.0,30000,749700.0,7
2026-08-18,INE00KV01022,RAJMET,EQ,3.29,3.32,3.23,3.3,3.3,3.23,151216,496997.15,532
2026-08-18,INE535F01024,RAJOOENG,BE,50.5,51.48,49.0,50.87,51.34,50.17,175251,8809750.43,735
2026-08-18,INE0VHU01019,RAJPUTANA,SM,210.0,210.0,208.0,208.0,208.0,215.0,1000,209000.0,2
2026-08-18,INE0PCU01012,RAJINDLTD,SM,67.95,70.7,67.8,69.4,68.45,66.5,10500,720375.0,7
2026-08-18,INE313L01016,RSL,EQ,165.0,165.2,163.74,164.95,164.83,164.9,325012,53578423.7,3480
2026-08-18,INE451D01029,RAJRATAN,EQ,516.0,519.0,504.25,512.0,513.0,516.8,53372,27256646.5,2719
2026-08-18,INE760W01023,RPPL,BE,23.78,23.8,22.56,22.74,22.74,22.98,30216,697109.34,125
2026-08-18,INE562B01019,RAJSREESUG,EQ,34.65,36.39,34.45,34.96,34.95,34.49,153455,5458336.41,995
2026-08-18,INE613A01020,RALLIS,EQ,212.81,214.17,211.2,213.27,213.0,213.08,556665,118606590.39,19127
2026-08-18,INE207E01023,RAMRAT,EQ,467.5,478.55,451.8,472.65,475.1,467.5,158012,73734426.8,5083
2026-08-18,INE809A01032,RAMAPHO,EQ,120.61,122.9,120.61,121.16,121.86,121.52,6382,775399.48,277
2026-08-18,INE230R01035,RAMASTEEL,BE,4.25,4.25,4.25,4.25,4.25,4.33,524201,2227854.25,1350
2026-08-18,INE14W901010,RTL,SM,78.0,80.1,78.0,80.05,80.05,83.05,6000,476300.0,3
2026-08-18,INE614A01028,RAMCOIND,EQ,354.35,356.25,342.1,344.75,347.45,353.45,178495,62056072.0,4806
2026-08-18,INE246B01019,RAMCOSYS,EQ,593.1,598.0,564.5,564.5,564.5,594.2,245543,140523335.2,7063
2026-08-18,INE0RJH01010,RBS,SM,90.0,94.9,89.0,91.0,91.0,91.4,12800,1171280.0,14
2026-08-18,INE399G01023,RKFORGE,EQ,756.35,759.0,745.05,754.35,750.65,755.0,858508,646585966.8,26707
2026-08-18,INE874I01013,RAMKY,EQ,391.2,392.95,388.0,391.6,391.0,390.05,25799,10073458.5,774
2026-08-18,INE625B01014,RANASUG,EQ,12.97,13.62,12.9,13.3,13.25,12.9,1043110,13917173.44,2542
2026-08-18,INE050H01012,RML,EQ,1094.9,1112.9,1085.0,1100.1,1109.1,1084.7,10805,11838786.6,1209
2026-08-18,INE384A01010,RANEHOLDIN,EQ,1620.0,1631.8,1558.1,1567.9,1574.0,1600.9,21338,33904973.0,2642
2026-08-18,INE0MVO01012,RAPPID,SM,305.0,305.9,305.0,305.9,305.9,306.0,1800,549660.0,3
2026-08-18,INE0J1F01024,RPTECH,EQ,867.05,871.45,850.0,861.1,859.0,871.85,238708,204783983.15,16684
2026-08-18,INE027A01015,RCF,EQ,123.0,123.1,121.0,121.19,121.12,123.26,576015,70197562.79,7020
2026-08-18,INE0CLI01024,RATEGAIN,EQ,955.0,955.35,926.55,935.95,938.0,949.5,308664,289216263.4,14916
2026-08-18,INE703B01027,RATNAMANI,EQ,2355.0,2425.0,2352.9,2368.6,2385.0,2353.6,62154,148550519.8,16739
2026-08-18,INE05CZ01011,RATNAVEER,EQ,246.08,257.5,242.65,252.19,250.8,244.87,11984087,3016495162.15,86546
2026-08-18,INE834M01019,RTNINDIA,EQ,30.47,31.45,30.2,30.67,30.66,30.48,3065043,94278522.9,11204
2026-08-18,INE399K01017,RTNPOWER,EQ,8.31,8.33,8.09,8.12,8.12,8.35,17010536,139037361.73,16804
2026-08-18,INE722J01012,RKDL,EQ,18.4,18.97,18.36,18.54,18.4,18.36,1418,26223.96,38
2026-08-18,INE09E501017,RVHL,EQ,43.25,44.04,42.25,42.75,42.25,43.05,9554,411412.28,103
2026-08-18,INE206N01018,RELTD,EQ,160.67,163.9,158.01,158.85,158.6,159.87,128827,20798086.62,2331
2026-08-18,INE02ID01020,RAYMONDLSL,EQ,754.65,762.85,745.0,748.4,747.1,762.1,109781,82940900.1,8992
2026-08-18,INE301A01014,RAYMOND,EQ,649.75,658.0,621.0,625.0,624.2,647.85,733844,470076823.65,21801
2026-08-18,INE1SY401010,RAYMONDREL,EQ,575.8,583.8,574.9,578.0,578.7,581.05,117902,68184377.4,4032
2026-08-18,INE976G01028,RBLBANK,EQ,380.5,384.9,376.4,383.0,383.0,381.5,2330589,888222705.9,26754
2026-08-18,INE0NA301016,RBMINFRA,SM,242.05,242.9,223.0,229.2,232.95,240.85,27800,6500920.0,114
2026-08-18,INE0PEQ01016,RBZJEWEL,EQ,136.19,138.84,133.5,134.58,133.5,136.19,47543,6435482.89,1264
2026-08-18,INE0AK901016,RRECL,EQ,146.45,146.45,136.3,136.35,136.3,145.0,894,122050.08,15
2026-08-18,INE10QL01011,READYMIX,SM,102.95,102.95,99.35,100.55,100.0,103.1,11000,1109050.0,10
2026-08-18,INE020B01018,RECLTD,EQ,340.0,341.85,338.5,338.5,338.5,340.0,5976016,2033913871.5,43338
2026-08-18,INE891D01026,REDINGTON,EQ,334.0,337.2,324.0,326.3,326.0,332.8,2030364,666299810.5,41072
2026-08-18,INE0LXT01019,REDTAPE,EQ,121.35,125.3,120.84,124.71,124.94,121.66,399087,49386417.99,4940
2026-08-18,INE056I01025,REFEX,EQ,301.0,302.95,297.0,299.45,300.2,302.75,259732,77818281.05,5049
2026-08-18,INE0TNX01015,REFRACTORY,SM,25.8,25.8,24.25,24.95,24.95,24.8,7000,174100.0,6
2026-08-18,INE0MHO01029,REGAAL,EQ,90.28,101.5,88.65,99.53,100.0,90.46,2975990,292126988.85,21335
2026-08-18,INE277C01012,REGENCERAM,EQ,35.8,37.03,35.2,36.8,36.77,35.43,3751,135314.2,75
2026-08-18,INE131B01039,RELAXO,EQ,394.8,397.0,378.15,383.95,383.0,391.2,345402,132533523.85,12956
2026-08-18,INF204KC1030,GILT5YBEES,EQ,66.25,66.37,66.11,66.23,66.21,66.26,91103,6032155.74,410
2026-08-18,INE375Y01018,RELIABLE,EQ,140.0,142.0,138.0,140.77,138.0,138.74,208670,29117715.28,612
2026-08-18,INE750D01016,RELCHEMQ,EQ,118.8,118.9,114.03,115.51,116.0,115.6,3010,349537.92,166
2026-08-18,INE330H01018,RCOM,BE,0.81,0.81,0.8,0.8,0.8,0.81,3203697,2575117.07,1839
2026-08-18,INE217K01011,RHFL,BZ,1.77,1.78,1.73,1.74,1.75,1.78,435640,763756.83,807
2026-08-18,INE046A01015,RIIL,EQ,749.95,751.85,735.9,738.65,737.5,747.05,25399,18828471.7,1619
2026-08-18,INE002A01018,RELIANCE,EQ,1314.0,1328.6,1311.2,1322.0,1322.0,1316.0,10180567,13466467033.1,198021
2026-08-18,INE036A01016,RELINFRA,BE,64.47,64.47,64.47,64.47,64.47,65.78,139005,8961652.35,334
2026-08-18,INE614G01033,RPOWER,EQ,22.53,22.74,22.37,22.45,22.43,22.72,13059635,293318474.01,25482
2026-08-18,INE621H01010,RELIGARE,EQ,230.0,235.25,229.0,231.55,233.0,231.1,1967477,455198436.95,13372
2026-08-18,INE474C01023,REMSONSIND,EQ,81.49,83.39,80.96,82.4,82.31,81.89,112716,9232461.35,1698
2026-08-18,INE0O5T01011,REMUS,SM,904.0,904.0,883.5,893.8,897.0,907.3,2800,2499385.0,27
2026-08-18,INE722H01024,RGL,EQ,121.9,125.85,120.2,124.9,125.36,121.9,434403,53357969.62,4698
2026-08-18,INE0VZX01015,RNPL,SM,80.75,80.75,80.5,80.5,80.5,78.85,3600,290340.0,3
2026-08-18,INE612J01015,REPCOHOME,EQ,349.6,352.0,346.45,350.1,351.55,349.6,101784,35576146.85,4185
2026-08-18,INE461B01014,REPRO,EQ,334.75,343.95,326.5,330.25,329.15,325.15,15316,5126483.3,1005
2026-08-18,INE688D01026,RESPONIND,EQ,159.68,160.22,156.41,158.09,157.99,159.01,79679,12595101.77,2070
2026-08-18,INE07T201019,RBA,EQ,99.8,108.41,99.5,106.34,104.0,99.59,17134006,1784041646.56,66117
2026-08-18,INE0DAB01012,RVTH,EQ,747.75,762.95,717.0,730.0,730.0,747.7,1613,1188009.15,74
2026-08-18,INE0KKN01029,RHETAN,EQ,21.41,21.54,21.41,21.43,21.43,21.28,7421414,159020143.37,2436
2026-08-18,INE743M01012,RHIM,EQ,375.7,381.45,372.25,380.0,380.5,374.25,434035,164345975.2,9773
2026-08-18,INE209B01025,RICOAUTO,EQ,132.45,137.5,132.0,133.32,133.2,132.9,2049113,275731749.45,17296
2026-08-18,INE302D01024,RIR,EQ,176.8,176.8,168.0,170.35,170.15,173.94,139576,23916157.63,3397
2026-08-18,INE0N2P01017,RISHABH,EQ,700.0,703.8,651.75,665.75,665.8,694.6,711835,476498863.05,25854
2026-08-18,INE01EG01016,RITCO,EQ,288.05,318.4,288.05,313.0,314.5,292.5,381642,119105928.05,8264
2026-08-18,INE320J01015,RITES,EQ,221.74,222.87,218.0,218.49,218.5,221.72,242345,53171745.47,7312
2026-08-18,INE786W01010,RKEC,EQ,24.3,24.3,22.52,22.81,22.75,23.41,59826,1379785.29,370
2026-08-18,INE655V01019,RMC,EQ,260.05,265.85,246.9,253.85,260.0,259.7,89354,22584619.2,2909
2026-08-18,INE0SA001017,RNFI,SM,275.0,275.0,268.15,269.95,270.25,272.4,35400,9589140.0,53
2026-08-18,INE508K01013,RHL,EQ,168.0,170.0,167.0,169.47,169.72,166.35,3822,641996.93,38
2026-08-18,INE0PTR01012,ROCKINGDCE,SM,163.0,168.0,160.0,161.7,160.0,167.45,7500,1218637.5,28
2026-08-18,INE645S01024,ROLEXRINGS,EQ,180.19,182.5,175.68,177.06,176.45,179.46,2031379,364450664.69,18621
2026-08-18,INE927A01040,ROLLT,BE,3.21,3.31,3.11,3.16,3.11,3.17,385304,1230527.08,242
2026-08-18,INE02A801020,ROSSARI,EQ,498.6,498.9,490.8,495.9,492.2,496.15,37955,18751464.05,1906
2026-08-18,INE847C01020,ROSSELLIND,EQ,55.53,57.5,55.04,56.9,57.0,56.17,50191,2843684.31,528
2026-08-18,INE0OJW01016,ROSSTECH,EQ,1116.05,1172.0,1092.5,1103.55,1100.0,1108.9,899502,1014981625.2,59043
2026-08-18,INE535D01037,ROTO,EQ,65.99,66.7,65.49,66.34,66.15,65.68,226640,14959078.27,1478
2026-08-18,INE450U01017,ROUTE,EQ,507.3,507.5,497.2,499.45,498.05,508.6,159772,80253340.35,5767
2026-08-18,INE0PDJ01013,ROXHITECH,SM,54.4,55.8,53.6,55.45,55.45,56.45,20800,1140000.0,13
2026-08-18,INE0EO401019,ROYALARC,SM,177.0,177.0,177.0,177.0,177.0,176.35,8400,1486800.0,5
2026-08-18,INE283H01019,ROHLTD,EQ,307.4,312.8,300.65,304.55,306.4,307.7,46156,14029239.05,1343
2026-08-18,INE105J01010,RPGLIFE,EQ,2741.3,2770.0,2663.0,2702.7,2696.0,2741.3,11456,31201296.2,1465
2026-08-18,INE425Y01011,RPSGVENT,EQ,888.75,890.0,873.0,875.25,875.0,887.25,22399,19707136.8,750
2026-08-18,INE611A01016,RSWM,BE,196.0,203.05,192.0,200.25,202.0,194.52,28026,5586974.34,258
2026-08-18,INE642C01025,RUBFILA,EQ,67.5,70.0,67.5,68.84,69.44,67.36,14395,991253.98,318
2026-08-18,INE506V01022,RUBICON,EQ,1789.3,1819.0,1750.0,1804.1,1813.0,1798.7,687518,1230616000.8,44812
2026-08-18,INE413B01023,RUCHINFRA,EQ,5.81,5.97,5.72,5.75,5.73,5.81,23152,135004.45,90
2026-08-18,INE803H01014,RUCHIRA,EQ,102.05,105.26,102.05,104.62,104.79,102.05,37592,3924049.73,667
2026-08-18,INE027T01023,RUDRA,EQ,24.45,24.45,22.7,22.97,23.0,23.8,133806,3130220.98,601
2026-08-18,INE364Z01019,REPL,BE,64.0,65.0,61.75,61.75,61.75,64.0,5133,321617.67,67
2026-08-18,INE0R7301013,RULKA,SM,109.0,112.0,104.0,109.7,109.95,109.1,9900,1074345.0,25
2026-08-18,INE895B01021,RUPA,EQ,148.0,151.68,148.0,149.97,150.0,149.1,87669,13142103.13,2722
2026-08-18,INE573K01025,RUSHIL,EQ,16.8,17.06,16.5,16.72,16.67,16.78,293246,4912246.46,786
2026-08-18,INE0BSN01013,SATECH,SM,33.3,33.8,32.6,32.85,32.6,35.6,13000,431050.0,12
2026-08-18,INE807K01035,SCHAND,EQ,138.9,138.9,134.9,137.1,136.26,137.86,47191,6449138.01,1271
2026-08-18,INE0X6F01017,SDREAMS,SM,85.0,85.0,81.0,81.6,81.0,83.0,7000,575300.0,6
2026-08-18,INE500L01026,SHK,EQ,163.99,165.0,158.12,159.48,159.88,164.25,591761,95048279.77,8892
2026-08-18,INE0F3301020,SJLOGISTIC,SM,326.0,346.9,323.0,344.25,346.8,326.0,183250,62103400.0,455
2026-08-18,INE159L01013,SVGLOBAL,EQ,143.5,143.5,115.55,133.0,133.0,143.61,21,2532.25,8
2026-08-18,INE902B01017,S&SPOWER,EQ,296.0,296.0,270.0,277.7,274.05,297.7,10586,2926001.05,459
2026-08-18,INE212I01016,SPAL,EQ,940.7,961.65,934.6,952.45,952.4,932.45,51059,48530900.5,4892
2026-08-18,INE658G01014,SALSTEEL,EQ,74.0,75.9,71.1,72.02,71.7,71.87,1744512,128321771.63,12181
2026-08-18,INE0PSK01027,SAAKSHI,ST,299.7,299.7,295.2,297.0,297.0,297.65,10800,3208110.0,13
2026-08-18,INE13B501022,SAATVIKGL,EQ,405.65,417.95,399.45,401.45,402.1,402.65,133321,54286690.15,3870
2026-08-18,INE1ARD01016,SACHEEROME,SM,469.0,503.95,465.0,488.65,488.35,466.45,51600,25136385.0,135
2026-08-18,INE226H01026,SADBHAV,EQ,8.26,8.44,7.85,7.95,7.95,8.26,326564,2632848.87,731
2026-08-18,INE764L01010,SADBHIN,BE,2.75,2.9,2.72,2.84,2.83,2.81,176606,494471.63,210
2026-08-18,INE888C01040,SADHNANIQ,BE,3.08,3.08,3.03,3.03,3.03,3.09,1273284,3871848.02,436
2026-08-18,INE0K5H01010,SADHAV,SM,116.25,120.0,114.5,118.05,120.0,116.25,21600,2523300.0,34
2026-08-18,INE429E01023,SAFARI,EQ,1497.3,1511.9,1477.0,1482.8,1485.0,1497.3,16308,24277100.1,3567
2026-08-18,INE17D601016,SAFEENTP,SM,260.0,260.0,253.2,256.1,255.7,254.75,17500,4504775.0,33
2026-08-18,INE229C01021,SAGCEM,EQ,169.0,172.78,167.9,168.29,168.0,169.01,20803,3511427.47,672
2026-08-18,INE976T01013,SAGARDEEP,EQ,24.4,24.4,23.63,23.7,23.65,24.02,1693,40413.28,59
2026-08-18,INE0W2G01015,SAGILITY,EQ,42.41,42.77,41.92,42.16,42.25,42.4,11644898,491972954.65,36893
2026-08-18,INE0P4701011,SAHAJSOLAR,SM,105.0,107.8,105.0,105.3,105.0,105.25,12000,1269420.0,27
2026-08-18,INE0LEX01011,SAHANA,SM,785.85,815.0,782.0,814.05,814.0,785.85,22800,18229620.0,129
2026-08-18,INE0RBQ01018,SAHASRA,ST,319.8,320.0,313.1,313.25,313.1,319.95,21600,6834860.0,50
2026-08-18,INE280H01015,SAHYADRI,EQ,388.0,393.95,374.0,375.55,376.0,388.15,20137,7665913.9,1357
2026-08-18,INE531X01018,SAICAPI,EQ,149.0,154.95,148.0,151.33,149.1,149.95,247,37098.81,25
2026-08-18,INE570L01029,SAILIFE,EQ,1428.8,1473.0,1423.5,1440.1,1443.4,1416.4,450784,651968275.7,34508
2026-08-18,INE0H9F01037,SAIPARENT,EQ,558.95,558.95,540.6,542.05,543.8,551.95,60708,33072679.35,2666
2026-08-18,INE438K01021,KALAMANDIR,EQ,87.0,87.0,85.5,85.72,85.5,86.16,199617,17170539.6,1878
2026-08-18,INE068B01017,SEKURITIND,EQ,118.2,124.65,117.1,121.66,120.8,117.61,43443,5271735.38,540
2026-08-18,INE00MT01022,SAJHOTELS,ST,42.0,42.0,42.0,42.0,42.0,42.55,2000,84000.0,1
2026-08-18,INE732S01012,SAKAR,EQ,902.45,902.8,878.0,893.7,899.0,905.35,61515,54681867.85,3960
2026-08-18,INE667G01023,SAKSOFT,EQ,165.0,167.78,162.21,166.36,165.81,164.95,440873,72551206.96,7473
2026-08-18,INE623A01011,SAKHTISUG,EQ,17.75,18.75,17.65,18.39,18.29,17.63,482690,8850504.34,1670
2026-08-18,INE190H01024,SAKUMA,EQ,1.6,1.62,1.54,1.57,1.58,1.6,1115173,1756687.27,1008
2026-08-18,INE170V01027,SALASAR,EQ,6.04,6.17,5.99,6.07,6.09,6.07,5174251,31429334.79,4362
2026-08-18,INE498E01010,SALONA,EQ,259.91,274.99,259.91,269.49,271.0,261.21,1477,395373.21,80
2026-08-18,INE457F01013,SALZERELEC,EQ,573.45,578.5,566.0,568.1,570.95,570.3,31402,17872665.8,1600
2026-08-18,INE699B01027,SAMBHAAV,EQ,6.48,6.5,6.25,6.36,6.36,6.35,26679,170596.05,100
2026-08-18,INE12NJ01018,SAMBHV,EQ,120.0,124.9,119.52,124.34,124.21,119.88,1781158,219404274.6,12351
2026-08-18,INE0PZA01015,SAIFL,SM,4.95,5.05,4.95,5.0,5.0,5.0,60000,300400.0,14
2026-08-18,INE08U801020,SAMHI,EQ,159.0,161.24,158.6,160.03,159.4,159.41,438145,70065036.44,5658
2026-08-18,INE148I01020,SAMMAANCAP,EQ,153.33,153.95,145.0,150.23,149.59,153.33,23129231,3455373484.53,93547
2026-08-18,INE735M01018,SAMPANN,EQ,26.8,26.8,25.97,26.42,26.47,26.3,14006,368662.22,110
2026-08-18,INE775A01035,MOTHERSON,EQ,168.1,170.9,168.1,170.4,170.4,168.06,12696084,2157374401.19,63330
2026-08-18,INE0JPD01013,SANATHAN,EQ,461.05,463.45,449.75,454.6,457.9,463.5,48969,22352928.25,4898
2026-08-18,INE583B01015,SANDESH,EQ,1080.9,1094.95,1060.0,1060.5,1060.0,1081.85,1700,1816960.15,185
2026-08-18,INE278H01035,SANDHAR,EQ,633.0,639.8,625.0,631.8,631.0,632.55,91956,58024199.35,4626
2026-08-18,INE149K01016,SANDUMA,EQ,201.0,203.4,199.21,200.0,199.5,200.89,287962,57822815.86,5046
2026-08-18,INE495C01010,SANGAMIND,EQ,586.2,600.8,584.0,588.75,586.7,592.45,15927,9389885.55,900
2026-08-18,INE989A01032,SANGHVIMOV,EQ,508.0,522.9,504.05,520.75,521.85,506.95,312166,160856489.05,12913
2026-08-18,INE753W01010,SANGINITA,BE,59.53,59.53,59.53,59.53,59.53,56.7,31343,1865848.79,113
2026-08-18,INE0UOS01011,SANOFICONR,EQ,4384.8,4384.8,4311.0,4336.6,4328.0,4363.0,2260,9806859.3,748
2026-08-18,INE058A01010,SANOFI,EQ,3197.4,3258.0,3178.1,3242.1,3247.0,3197.4,13116,42249323.4,3183
2026-08-18,INE953O01021,SANSERA,EQ,4000.0,4040.4,3942.5,4003.2,3990.0,4002.0,172483,690085189.1,25166
2026-08-18,INE08NE01025,SANSTAR,EQ,109.03,110.19,106.91,107.29,106.95,109.19,136937,14818494.06,2258
2026-08-18,INE890C01046,SANWARIA,BZ,0.2,0.2,0.19,0.19,0.2,0.19,992931,197171.38,214
2026-08-18,INE806T01020,SAPPHIRE,EQ,234.5,234.9,229.05,231.99,230.67,234.68,890093,206282844.03,24356
2026-08-18,INE0PUC01020,SARTELE,SM,102.5,102.5,98.8,99.55,100.5,100.9,101000,10146500.0,163
2026-08-18,INE967G01019,ZSARACOM,EQ,13414.0,13418.0,12660.0,13076.0,13089.0,12841.0,123,1603495.0,77
2026-08-18,INE0PQ101010,SSDL,EQ,60.35,62.37,60.35,60.84,60.6,61.38,26977,1649924.23,603
2026-08-18,INE385C01021,SARDAEN,EQ,522.7,524.0,516.2,518.15,517.0,521.15,215053,111875425.15,7567
2026-08-18,INE979A01025,SAREGAMA,EQ,520.1,524.8,512.0,513.95,513.0,523.4,332669,171612879.25,14343
2026-08-18,INE453D01025,SARLAPOLY,EQ,101.8,102.88,100.0,101.22,101.25,101.61,65712,6650485.42,775
2026-08-18,INE017W01010,SMLT,EQ,69.0,71.98,69.0,69.28,70.35,70.29,4098,288145.93,92
2026-08-18,INE324X01026,SARVESHWAR,EQ,3.5,3.5,3.42,3.43,3.43,3.5,690456,2379667.24,1169
2026-08-18,INE231F01020,SASKEN,EQ,1919.5,1960.0,1910.4,1943.0,1921.0,1919.5,11305,21832940.8,1800
2026-08-18,INE0NB801022,SATKARTAR,SM,122.0,122.0,118.0,121.05,121.0,122.0,10400,1246480.0,12
2026-08-18,INE0RFP01011,SSEGL,SM,353.1,364.9,350.0,350.1,350.0,353.3,92800,32878020.0,240
2026-08-18,INE170E01023,SATIA,EQ,59.99,60.47,58.0,58.56,58.23,59.24,102820,6074596.47,1737
2026-08-18,INE836B01017,SATIN,EQ,228.73,230.6,223.91,228.79,230.6,228.73,318091,72478760.24,5400
2026-08-18,INE14DW01018,SATTVAENGG,SM,75.0,75.0,74.95,74.95,74.95,73.95,4800,359920.0,3
2026-08-18,INE626A01014,SAURASHCEM,EQ,59.06,59.5,58.0,58.72,58.99,58.72,76942,4515837.19,1006
2026-08-18,INE035D01020,SOTL,EQ,690.85,725.0,688.6,718.4,718.0,692.65,353723,251838725.5,14905
2026-08-18,INE0UCN01017,SAVY,SM,135.0,135.0,125.0,126.0,125.0,132.0,6000,775920.0,5
2026-08-18,INE10VS01016,SAWALIYA,SM,285.0,287.0,279.05,279.05,279.05,281.7,61800,17412000.0,56
2026-08-18,INE318C01014,SAYAJIHOTL,EQ,315.0,315.4,310.0,315.4,315.4,310.3,93,28896.15,12
2026-08-18,INE327G01032,SAYAJIIND,EQ,114.8,115.36,109.7,109.7,109.7,114.8,1038,116039.16,198
2026-08-18,INE04AK01028,SBC,EQ,38.65,39.0,38.56,38.66,38.7,38.75,6977822,270161645.34,5171
2026-08-18,INE423Y01016,SBFC,EQ,93.17,94.53,93.17,93.67,93.55,93.95,582128,54625347.14,8991
2026-08-18,INE018E01016,SBICARD,EQ,642.0,643.15,613.9,615.0,615.0,641.75,2769735,1724966418.25,58441
2026-08-18,INE640G01020,SBIFUNDS,EQ,556.5,562.35,552.0,554.85,553.9,557.25,1616546,897532473.25,42268
2026-08-18,INE123W01016,SBILIFE,EQ,1789.0,1796.5,1762.5,1778.0,1778.0,1790.4,584461,1041604019.0,32001
2026-08-18,INF200KA16D8,SETFGOLD,EQ,127.2,131.4,127.2,130.38,130.39,130.47,2779431,362349437.43,7836
2026-08-18,INF200KA1FS1,SETFNIF50,EQ,269.28,269.28,260.6,260.94,261.0,262.72,421677,110119187.93,8275
2026-08-18,INF200KA1580,SETFNIFBK,EQ,592.55,593.74,588.46,589.97,590.7,593.59,43554,25724693.23,672
2026-08-18,INF200KA1598,SETFNN50,EQ,821.02,821.02,796.44,798.66,799.0,801.0,44912,35854163.7,2353
2026-08-18,INF200KA13Z8,LIQUIDSBI,EQ,1000.0,1000.01,999.99,1000.01,1000.01,999.99,1495,1494993.17,18
2026-08-18,INF200KB1712,SBIBPB,EQ,51.65,51.65,49.55,50.26,50.15,50.65,73923,3710225.58,365
2026-08-18,INF200KA1X17,SBIETFCON,EQ,123.46,125.01,123.46,124.78,124.86,125.45,1382,172275.71,93
2026-08-18,INF200KA1S14,SBIETFIT,EQ,339.85,340.15,335.31,336.34,337.09,341.85,11036,3716948.06,309
2026-08-18,INF200KA1S22,SBIETFPB,EQ,279.84,282.0,277.57,278.01,277.58,279.02,25021,6968509.41,87
2026-08-18,INF200KA1WX6,SBIETFQLTY,EQ,227.6,227.6,224.75,225.4,225.39,227.61,2405,543190.73,57
2026-08-18,INF200KB1969,SBILIQETF,EQ,1052.12,1052.26,1052.12,1052.25,1052.26,1052.12,73786,77641616.31,88
2026-08-18,INF200KB1AJ0,SBIMIDMOM,EQ,64.3,64.34,63.89,64.28,64.26,64.38,263065,16889902.59,181
2026-08-18,INF200KB1282,SBINEQWETF,EQ,34.1,34.25,33.5,33.69,33.72,33.94,25251,851009.44,215
2026-08-18,INF200KB1AK8,SBINMID150,EQ,23.47,23.56,23.39,23.55,23.56,23.47,7216,169159.52,99
2026-08-18,INF200KB1217,SBISILVER,EQ,231.49,231.49,226.56,227.17,227.3,229.2,595004,135211020.94,4487
2026-08-18,INF200KB1AY9,SBISMLETF,EQ,18.67,18.67,18.32,18.37,18.47,18.36,49591,912984.69,217
2026-08-18,INF200KB1AX1,SBIVALETF,EQ,14.98,14.98,14.8,14.81,14.88,14.91,5779,85735.37,41
2026-08-18,INF200KA1JT1,SETF10GILT,EQ,265.22,266.72,265.01,265.39,265.4,266.01,1990,527845.09,33
2026-08-18,INE099G01011,SCANSTL,BE,60.52,65.25,59.53,62.69,63.0,62.23,141316,8930728.1,355
2026-08-18,INE513A01022,SCHAEFFLER,EQ,4013.2,4099.9,4012.6,4073.3,4075.3,4028.9,107257,435728672.3,26614
2026-08-18,INE839M01018,SCHNEIDER,EQ,1212.2,1279.9,1212.2,1274.4,1279.0,1212.2,1205149,1521271790.5,47025
2026-08-18,INE148I07XU9,SCL0182025,NC,1032.5,1032.5,1032.5,1032.5,1032.5,1032.0,2,2065.0,1
2026-08-18,INE148I07XY1,995SCL2035,NM,990.0,990.0,990.0,990.0,990.0,990.0,10,9900.0,1
2026-08-18,INE148I07WC9,SCL19325A,N1,1113.5,1113.5,1100.0,1100.4,1100.0,1086.3,100,110040.5,2
2026-08-18,INE090501011,SCODATUBES,EQ,129.15,132.0,128.0,128.91,128.98,129.68,165867,21552117.74,2303
2026-08-18,IN1020260023,807AP51,SG,100.0,100.0,100.0,100.0,100.0,100.27,100,10000.0,1
2026-08-18,IN1220220082,765AS32,SG,102.48,102.48,102.48,102.48,102.48,100.1,100,10248.0,1
2026-08-18,IN3520230225,745CG33,SG,100.0,100.0,100.0,100.0,100.0,100.0,100,10000.0,1
2026-08-18,IN1520230179,747GJ28,SG,100.25,100.25,100.25,100.25,100.25,97.7,100,10025.0,1
2026-08-18,IN1620240037,742HR34,SG,95.0,95.0,95.0,95.0,95.0,100.0,200,19000.0,1
2026-08-18,IN2020250113,724KL41,SG,91.0,91.0,91.0,91.0,91.0,95.0,100,9100.0,1
2026-08-18,IN2220230238,746MH35,SG,95.0,95.0,95.0,95.0,95.0,95.0,100,9500.0,1
2026-08-18,IN3120260077,739TN34A,SG,94.08,94.08,94.08,94.08,94.08,96.0,100,9408.0,1
2026-08-18,IN3120250318,744TN55A,SG,90.0,90.0,90.0,90.0,90.0,92.0,100,9000.0,1
2026-08-18,INE027E07972,935LTF29,N5,1108.99,1108.99,1108.99,1108.99,1108.99,1086.17,1,1108.99,1
2026-08-18,INE497B01018,SEAMECLTD,EQ,1561.2,1599.0,1560.4,1574.7,1579.9,1561.1,59689,94267200.2,5010
2026-08-18,INE477L07AP4,IIFLHFZC27,NB,1438.75,1438.8,1438.75,1438.79,1438.8,1436.0,200,287759.95,2
2026-08-18,INE530B07278,IIFLZC28A,NU,1320.0,1320.0,1320.0,1320.0,1320.0,1325.0,5,6600.0,2
2026-08-18,INE530B07369,IIFLZC28B,Y1,1272.0,1272.0,1272.0,1272.0,1272.0,1272.0,10,12720.0,1
2026-08-18,INE413U07269,1003ISFL28,N4,1012.3,1012.3,1007.0,1007.01,1007.01,1002.0,1434,1447143.98,21
2026-08-18,INE148I07UR1,1003SCL31A,N1,995.0,995.0,995.0,995.0,995.0,995.0,397,395015.0,2
2026-08-18,INE244L07283,1030SFIL28,NM,435.8,435.8,435.8,435.8,435.8,435.8,25,10895.0,1
2026-08-18,INE583D07513,1040UCL27B,N1,1001.0,1008.0,1001.0,1008.0,1008.0,1001.81,100,100450.0,2
2026-08-18,INE342T07460,1065NFL27,NC,1000.01,1019.0,1000.01,1018.99,1018.99,1011.0,134,135251.65,8
2026-08-18,INE148I07QZ2,980SCL33,NX,948.0,948.0,948.0,948.0,948.0,850.3,13,12324.0,1
2026-08-18,INE342T07445,1119NFL27,ND,1045.33,1045.33,1045.33,1045.33,1045.33,1045.33,1000,1045330.0,5
2026-08-18,INE219X07223,79IGT28,NF,1015.0,1015.0,1015.0,1015.0,1015.0,1010.01,75,76125.0,1
2026-08-18,INE0H7R07017,79NHIT35,N1,309.16,310.2,309.16,310.2,310.2,309.01,822,254561.31,7
2026-08-18,INE0H7R07025,79NHIT40,N2,310.0,317.97,310.0,314.0,314.0,310.0,24,7473.77,5
2026-08-18,INE0H7R07033,79NHIT47,N3,434.49,434.49,423.97,429.0,429.0,416.35,1082,459838.04,8
2026-08-18,INE219X07280,797IGT31,NL,1020.0,1020.0,1020.0,1020.0,1020.0,1020.0,110,112200.0,8
2026-08-18,INE477L07AN9,820IIFL27,N9,990.0,990.2,990.0,990.0,990.0,990.0,100,99000.2,8
2026-08-18,INE219X07264,82IGT31,NJ,1030.0,1030.0,1028.35,1028.38,1028.35,1035.0,50,51419.15,2
2026-08-18,INE530B07161,842IIFL26,NL,999.97,999.97,999.97,999.97,999.97,993.25,5,4999.85,1
2026-08-18,INE477L07AQ2,843IHFL29,NC,978.2,978.2,978.2,978.2,978.2,980.02,31,30324.2,1
2026-08-18,INE530B07385,865IFL28,NZ,995.0,995.0,983.7,983.7,983.7,983.85,110,109337.0,2
2026-08-18,INE530B07310,865IIFL28,NS,989.1,990.0,989.0,989.35,990.0,988.0,1118,1106162.4,10
2026-08-18,INE148I07LE8,889SCFL27,YC,999.0,999.25,999.0,999.25,999.25,998.0,176,175841.25,4
2026-08-18,INE477L07BC0,9IHFL27,N1,1053.62,1053.62,1053.62,1053.62,1053.62,1052.33,137,144345.94,1
2026-08-18,INE530B07377,9IIFL28,Y0,1028.0,1028.0,1028.0,1028.0,1028.0,1000.0,288,296064.0,2
2026-08-18,INE530B07260,9IIFL28A,NT,1045.0,1045.0,1045.0,1045.0,1045.0,1039.99,200,209000.0,2
2026-08-18,INE338I07115,93MOFSL34,N6,1058.99,1069.0,1058.99,1069.0,1069.0,1058.99,52,55087.5,4
2026-08-18,INE338I07107,935MOFSL29,N5,1048.89,1048.89,1048.89,1048.89,1048.89,1049.0,20,20977.8,1
2026-08-18,INE148I07ND6,965SCL25C,N0,404.4,415.0,404.4,415.0,415.0,415.0,42,17218.0,4
2026-08-18,INE148I07QK4,948SCL26A,NN,333.75,333.75,333.75,333.75,333.75,330.0,285,95118.75,1
2026-08-18,INE148I07UC3,948SCL27D,N1,1060.0,1060.0,1060.0,1060.0,1060.0,990.0,2,2120.0,1
2026-08-18,INE423A07336,956AEL29,N6,1051.0,1051.0,1050.99,1051.0,1051.0,1040.0,55,57804.9,5
2026-08-18,INE413U07236,957ISFL26,N2,1000.1,1000.1,1000.0,1000.0,1000.0,996.0,99,99005.0,3
2026-08-18,INE423A07328,965AEL27,N4,1104.0,1104.0,1100.0,1100.0,1100.0,1105.0,715,786560.0,14
2026-08-18,INE741K07579,970CAGL28,ND,1020.0,1020.0,1020.0,1020.0,1020.0,1028.99,10,10200.0,1
2026-08-18,INE244L07416,985SFIL28,NO,400.3,400.3,400.3,400.3,400.3,420.0,40,16012.0,2
2026-08-18,INE148I07QI8,990SCL26A,NL,369.0,369.0,369.0,369.0,369.0,325.2,7,2583.0,2
2026-08-18,INE00QS24043,IMC1,N1,251.0,251.0,251.0,251.0,251.0,251.0,100,25100.0,3
2026-08-18,INE00QS24027,IMC1,N2,254.15,254.5,254.15,254.49,254.5,250.0,1000,254494.75,5
2026-08-18,INE00QS24035,IMC1,N3,252.0,252.01,252.0,252.0,252.0,252.0,207,52164.62,5
2026-08-18,INE804IA7014,1015ECL29,NR,1015.1,1019.0,1013.3,1016.99,1016.99,1020.4,108,109770.5,7
2026-08-18,INE804IA7022,1060ECL29,NS,1057.4,1079.4,1057.4,1079.4,1079.4,1071.66,158,168564.71,3
2026-08-18,INE033L07GS6,81TCHF28,N8,1014.99,1014.99,1011.0,1014.89,1014.89,1015.0,67,67804.57,5
2026-08-18,INE033L07GU2,84TCHF28,,1064.9,1064.9,1064.9,1064.9,1064.9,1058.0,1,1064.9,1
2026-08-18,INE721A07PK7,875SFL27,ZF,1024.99,1025.0,1024.99,1025.0,1025.0,1025.0,35,35874.7,2
2026-08-18,INE148I07GK5,885SCL26,N9,1070.0,1072.0,1070.0,1072.0,1072.0,1072.0,500,535800.0,15
2026-08-18,INE148I07GL3,9SCL26BA,,1072.0,1072.0,1072.0,1072.0,1072.0,1072.0,430,460960.0,2
2026-08-18,INE721A07ON4,957ICCL25,YW,1065.0,1069.0,1063.0,1068.84,1068.9,1063.0,360,384352.0,10
2026-08-18,INE721A07NX5,94SFL28,YL,1046.9,1046.9,1040.0,1040.0,1040.0,1045.0,21,21978.0,2
2026-08-18,INE804I078Y8,943ECL28,NJ,1000.0,1002.95,999.5,1002.95,1002.95,1000.99,1115,1114471.35,5
2026-08-18,INE804I079Y6,985ECL28,NK,1004.84,1004.84,1000.02,1004.78,1004.78,1002.0,516,516951.24,12
2026-08-18,INE0BTM01013,SECMARK,EQ,125.0,126.5,124.5,124.97,125.0,127.66,261,32621.61,10
2026-08-18,INE650K01021,SECURKLOUD,EQ,18.2,18.58,17.36,18.08,18.0,17.92,11289,202378.29,169
2026-08-18,INE00XB01019,SEDEMAC,EQ,3268.0,3319.9,3215.7,3244.7,3235.8,3240.2,116045,378512511.7,20500
2026-08-18,INE955I01044,SEJALLTD,EQ,684.0,700.0,671.95,679.25,684.0,682.2,5304,3613326.75,583
2026-08-18,INE105I01020,SELMC,EQ,29.97,29.97,27.37,27.74,27.63,27.21,18881,542118.54,209
2026-08-18,INE0IJF01013,SELLOWRAP,SM,68.0,69.0,66.0,69.0,69.0,68.0,4800,324800.0,3
2026-08-18,INE617A01013,SEMAC,EQ,307.05,308.4,296.1,299.35,303.95,310.95,714,214635.7,72
2026-08-18,INE602W01027,SENCO,EQ,341.9,343.9,335.75,336.75,336.65,341.55,622417,210691339.45,13697
2026-08-18,INE0RB801010,SENORES,EQ,1549.7,1562.9,1525.5,1537.5,1531.0,1545.7,238950,368912154.9,24041
2026-08-18,INE964H01014,SEPC,EQ,5.85,5.89,5.75,5.77,5.77,5.85,6799535,39409138.82,5282
2026-08-18,INE027E07BC8,865LTF26,NN,1055.1,1061.9,1023.45,1059.0,1059.0,1064.0,1354,1401754.3,18
2026-08-18,INE027E07AL1,905LTF27,NF,1048.99,1048.99,1048.99,1048.99,1048.99,1031.55,1,1048.99,1
2026-08-18,INE306N07LM5,865TCAPS27,N8,1019.35,1019.35,1015.0,1015.8,1015.8,1017.86,128,130140.7,6
2026-08-18,INE782X01033,SERVOTECH,EQ,82.55,84.9,81.96,82.19,82.0,82.55,538948,44743178.62,5027
2026-08-18,INE04VU01023,STYL,EQ,399.7,401.55,388.15,393.95,394.25,398.3,83694,33017071.25,3371
2026-08-18,INE630A01024,SESHAPAPER,EQ,230.0,232.24,225.23,228.87,231.0,227.28,41361,9482827.97,1313
2026-08-18,INE878E01021,SETCO,BE,17.5,17.5,17.15,17.16,17.16,17.5,121251,2082826.73,111
2026-08-18,INE023M01027,SETUINFRA,BZ,0.43,0.43,0.41,0.43,0.43,0.41,120406,51751.16,81
2026-08-18,INE573R01012,SEYAIND,BE,12.72,12.72,12.28,12.44,12.4,12.48,5392,67782.17,36
2026-08-18,INE618R01015,SGFIN,EQ,658.2,675.0,658.2,668.45,670.0,660.25,194499,130207209.85,7075
2026-08-18,INE385F01024,SGMART,EQ,750.65,809.0,744.0,804.95,804.15,752.3,907346,708883828.3,26848
2026-08-18,INE967B01028,SGLRES,EQ,2.59,2.65,2.47,2.47,2.47,2.59,17830,44856.09,77
2026-08-18,INE12UN01015,SHADOWFAX,EQ,259.3,262.7,252.48,257.38,257.26,258.6,5282600,1365940769.08,39235
2026-08-18,INE640C01011,SHAHALLOYS,EQ,77.26,88.37,74.1,78.58,78.0,74.89,666283,55429492.65,5208
2026-08-18,INE482J01021,SHAH,EQ,4.02,4.1,3.93,3.96,4.03,4.03,2802292,11187287.27,2376
2026-08-18,INE151G01028,SHAILY,EQ,3395.0,3450.0,3350.0,3373.7,3365.0,3396.3,67126,227022067.1,12388
2026-08-18,INE908D01010,SHAKTIPUMP,EQ,502.0,504.15,497.0,498.35,499.0,503.2,214342,106945130.1,9787
2026-08-18,INE597J01018,SHALBY,EQ,152.26,156.2,151.25,152.7,152.4,153.16,31754,4860017.24,732
2026-08-18,INE861D01011,SAHLIBHFI,EQ,72.5,72.5,69.3,70.0,70.98,72.0,12590,888969.34,165
2026-08-18,INE849C01026,SHALPAINTS,BE,86.88,89.9,86.88,86.88,86.88,91.45,360052,31424288.59,910
2026-08-18,INE01NE01012,SRD,EQ,41.49,41.85,40.0,40.43,40.46,41.05,93989,3831924.9,230
2026-08-18,INE274V01019,SHANKARA,EQ,141.11,142.0,141.01,141.52,141.5,141.1,57697,8155455.6,338
2026-08-18,INE24OJ01011,BUILDPRO,EQ,1240.0,1276.6,1232.0,1270.1,1260.3,1244.2,50106,63196460.4,4834
2026-08-18,INE631A01022,SHANTIGEAR,EQ,391.2,396.3,384.0,388.95,390.0,393.35,17195,6693575.65,1079
2026-08-18,INE440T01028,SEIL,EQ,211.03,211.36,204.51,205.69,205.1,211.03,136463,28196074.97,1832
2026-08-18,INE06ZD01017,SHANTIGOLD,EQ,269.0,269.97,251.21,253.85,254.15,266.84,2594669,668209757.9,33428
2026-08-18,INE06ZD20017,SHANTI-RE,BE,44.0,44.0,25.65,28.49,27.81,32.92,178506,5685860.7,1865
2026-08-18,INE933X01016,SHANTI,EQ,6.55,6.55,6.2,6.49,6.5,6.33,81520,522093.34,101
2026-08-18,INE220Z01013,SHINDL,EQ,162.29,162.29,159.05,159.21,159.1,161.84,4367,700375.27,93
2026-08-18,INE221J01015,SHARDACROP,EQ,789.9,794.7,770.05,771.1,773.5,787.1,168472,130619471.1,9139
2026-08-18,INE597I01028,SHARDAMOTR,EQ,909.0,938.45,903.55,936.2,937.95,909.5,90044,83603747.25,7523
2026-08-18,INE037B01020,SHARDUL,BE,55.99,55.99,53.51,53.93,53.9,54.9,32560,1788731.28,188
2026-08-18,INE932X01026,SHAREINDIA,EQ,173.74,178.79,171.21,178.08,177.5,174.96,753662,132508938.18,6775
2026-08-18,INE460Q01014,SCML,SM,82.5,85.0,82.5,83.5,83.5,84.25,56000,4663600.0,41
2026-08-18,INE0YJV01017,SHEEL,ST,63.95,63.95,63.85,63.9,63.9,64.0,10000,639100.0,5
2026-08-18,INE916U01025,SFL,EQ,675.1,680.0,661.9,668.8,664.0,675.1,154723,103350496.25,12910
2026-08-18,INE501Y01019,SCPL,EQ,654.55,672.65,640.0,662.65,665.5,657.95,63625,41561000.15,2506
2026-08-18,INE04VX01019,SHEETAL,SM,323.0,323.0,315.0,315.25,315.5,323.75,2000,638250.0,4
2026-08-18,INE268L01046,SHEKHAWATI,BE,17.51,19.19,17.47,18.71,19.0,18.38,26367,489260.71,133
2026-08-18,INE363M01019,SHEMAROO,BE,128.9,131.45,125.32,127.02,127.02,129.1,4619,589663.28,41
2026-08-18,INE0MM001019,SHERA,ST,181.95,185.85,177.55,179.9,183.0,177.0,85000,15573600.0,84
2026-08-18,INE011D01013,SHERVANI,EQ,302.3,336.95,302.3,307.55,336.95,348.1,229,69900.55,35
2026-08-18,INE03KJ01013,SHIGAN,SM,60.2,64.9,60.2,64.9,64.9,62.0,4500,284850.0,3
2026-08-18,INE024F01011,SHILCTECH,EQ,3861.0,3970.0,3861.0,3944.0,3944.0,3871.0,29079,114226504.3,5918
2026-08-18,INE960A01017,SHILGRAVQ,EQ,164.0,164.0,158.12,161.89,158.12,158.0,1506,244939.73,16
2026-08-18,INE790G01031,SHILPAMED,EQ,808.0,823.0,807.8,809.8,811.5,809.3,606331,494177753.05,24481
2026-08-18,INE0PB301013,SCILAL,EQ,40.0,40.79,39.62,40.52,40.4,40.19,261924,10527779.79,1385
2026-08-18,INE109A01011,SCI,EQ,285.0,297.45,284.1,295.75,296.6,286.4,2739647,800554489.95,38031
2026-08-18,INE719F01016,SHIVAUM,EQ,446.0,448.95,442.0,442.0,442.0,445.1,1075,477938.7,40
2026-08-18,INE555C01029,SHIVACEM,EQ,17.15,17.15,16.55,16.8,16.9,17.21,34643,582642.38,106
2026-08-18,INE960E01019,SHIVAAGRO,EQ,45.9,45.9,37.01,40.18,37.26,38.3,6782,270042.85,240
2026-08-18,INE644Y01017,SHIVAMILLS,EQ,63.2,63.2,60.25,60.7,60.7,60.28,536,33323.91,27
2026-08-18,INE705C01020,SHIVATEX,EQ,163.6,169.98,162.18,165.86,165.0,161.88,3052,504306.18,59
2026-08-18,INE0T7B01010,SPCL,SM,63.0,63.0,59.65,61.7,61.7,62.0,21000,1287360.0,34
2026-08-18,INE386D01027,SBCL,EQ,1029.65,1049.0,1015.9,1026.85,1022.65,1024.6,215379,222700247.75,16571
2026-08-18,INE788J01021,SHIVALIK,BE,241.9,251.0,241.87,243.96,242.5,254.6,38788,9414785.43,496
2026-08-18,INE637H01024,SHIVAMAUTO,BE,16.25,16.25,15.55,15.67,15.8,16.23,37443,594809.72,162
2026-08-18,INE1DLF01018,SHIVASHRIT,SM,125.0,125.0,119.9,121.95,121.95,125.0,33000,3981350.0,16
2026-08-18,INE498B01024,SHOPERSTOP,EQ,437.2,437.2,428.0,429.55,428.2,432.05,16934,7301031.5,1545
2026-08-18,INE311M01018,SHRADDHA,EQ,164.95,165.0,153.5,155.0,155.0,150.71,3737,587886.7,96
2026-08-18,INE715Y01031,SHRADHA,EQ,34.94,34.94,33.45,33.78,33.56,34.14,14679,497403.36,80
2026-08-18,INE712K01011,SHREEPUSHK,EQ,376.35,380.1,375.15,376.9,375.35,376.35,15558,5869513.9,567
2026-08-18,INE185C01017,SAPPL,EQ,304.95,309.0,286.75,288.1,290.0,289.5,1405,415352.1,77
2026-08-18,INE070A01015,SHREECEM,EQ,24625.0,24935.0,24545.0,24725.0,24725.0,24535.0,39655,979060960.0,10716
2026-08-18,INE232A01011,SHREDIGCEM,EQ,70.1,71.9,70.0,70.3,70.07,70.47,87311,6183089.74,865
2026-08-18,INE414Y01015,SGRL,EQ,512.0,542.0,512.0,524.2,515.5,537.0,7976,4212416.55,337
2026-08-18,INE0S4Y01010,SHREEKARNI,SM,329.0,358.0,329.0,355.25,356.0,322.05,20850,7280182.5,52
2026-08-18,INE02S501018,SHREEOSFM,SM,58.0,58.0,58.0,58.0,58.0,59.0,3000,174000.0,3
2026-08-18,INE19GK01015,SRTL,EQ,39.05,39.7,39.0,39.59,39.4,39.12,13322,525761.91,190
2026-08-18,INE879A01019,SHREERAMA,EQ,47.1,48.92,45.49,46.34,46.34,46.28,192506,9106527.9,2186
2026-08-18,INE278B01020,RAMANEWS,EQ,32.87,33.9,31.95,33.54,32.59,32.78,22579,747897.14,212
2026-08-18,INE087H01022,RENUKA,EQ,23.0,23.92,23.0,23.3,23.35,23.0,14002263,330001511.21,22072
2026-08-18,INE0S2G01011,BALAJEE,EQ,27.97,27.97,26.1,26.85,26.6,27.25,63681,1696051.16,488
2026-08-18,INE00CE01017,SVLL,BE,769.0,771.0,758.15,771.0,771.0,756.05,1832,1407156.2,31
2026-08-18,INE0K3301012,SHREEDHAR,ST,117.5,117.5,115.0,115.0,115.0,117.5,4000,465000.0,2
2026-08-18,INE1FL101016,SHETHJI,ST,167.0,169.4,164.15,165.9,169.4,167.3,13000,2160050.0,12
2026-08-18,INE1B6101010,SHREEJISPG,EQ,608.0,633.85,595.45,625.85,624.5,601.8,1716015,1064729579.85,17366
2026-08-18,INE00IK01029,OSWALSEEDS,EQ,13.45,13.56,12.88,12.92,12.95,13.59,400753,5210891.61,1114
2026-08-18,INE0GTI23014,SHREMINVIT,IV,102.0,102.01,102.0,102.01,102.01,101.0,75000,7650250.0,3
2026-08-18,INE632X01030,SHRENIK,BZ,0.32,0.32,0.3,0.3,0.31,0.31,603913,182831.92,204
2026-08-18,INE231C01019,SHREYANIND,EQ,133.0,134.89,130.12,131.39,132.3,130.22,4857,638168.27,97
2026-08-18,INE0DM401012,SHRIAHIMSA,ST,401.0,404.75,401.0,401.0,401.0,399.9,9000,3621750.0,13
2026-08-18,INE402H01015,SHBAJRG,EQ,184.0,184.0,175.99,177.13,179.47,181.14,1640,289311.93,39
2026-08-18,INE0NON01025,SHKSIL,SM,37.5,37.5,35.95,36.05,36.0,37.5,22000,795900.0,10
2026-08-18,INE564J01026,SHRJAGP,EQ,701.05,751.95,686.0,700.8,686.0,728.5,589,424989.55,77
2026-08-18,INE1V4601019,SHRIKANHA,SM,21.7,21.7,21.55,21.55,21.55,21.7,3200,69200.0,2
2026-08-18,INE997I01012,SHRIKRISH,EQ,38.55,38.97,38.0,38.46,38.2,40.3,709,27105.15,12
2026-08-18,INE0OMF01015,SHRITECH,SM,58.5,58.5,58.5,58.5,58.5,61.9,4000,234000.0,2
2026-08-18,INE574G01013,VASUPRADA,EQ,99.0,99.0,96.06,96.06,96.06,96.0,522,51672.12,3
2026-08-18,INE1B3L01017,SHRINGARMS,EQ,227.0,229.69,224.0,224.93,224.69,227.24,289461,65767461.19,2209
2026-08-18,INF680P01422,LIQUIDSHRI,EQ,1117.76,1117.78,1117.76,1117.76,1117.76,1117.64,20480,22891750.98,14
2026-08-18,INE721A01047,SHRIRAMFIN,EQ,1114.0,1124.9,1098.6,1108.4,1108.4,1122.0,2672734,2967873326.4,99962
2026-08-18,INE217L01019,SHRIRAMPPS,EQ,76.5,79.49,76.5,77.98,77.8,76.27,341416,26459327.13,3134
2026-08-18,INE01Z401013,SHUBHLAXMI,SM,19.2,19.2,19.2,19.2,19.2,19.2,1000,19200.0,1
2026-08-18,INE0UL701015,SHUBHSHREE,SM,320.0,330.0,320.0,330.0,330.0,328.0,600,195000.0,2
2026-08-18,INE551C01044,SHUKRAPHAR,EQ,42.48,42.78,41.51,41.55,41.51,41.44,1250990,52184211.38,2294
2026-08-18,INE979R01011,SHYAMCENT,BE,4.83,5.07,4.76,5.05,5.07,4.83,55125,273953.43,123
2026-08-18,INE1CRP01016,SHYAMDHANI,ST,56.0,57.55,55.1,55.1,55.1,56.0,26000,1462100.0,12
2026-08-18,INE810G01011,SHYAMMETL,EQ,996.2,1003.0,985.5,990.6,990.0,986.9,423011,421854509.8,8074
2026-08-18,INE635A01023,SHYAMTEL,EQ,14.5,14.95,13.91,13.94,14.48,15.14,7220,101899.84,109
2026-08-18,INE176J01011,SICAGEN,EQ,56.95,56.95,53.66,54.84,54.95,56.46,51664,2844263.89,564
2026-08-18,INE075B01020,SICALLOG,BE,109.95,114.0,105.35,111.65,112.49,109.95,20009,2239218.42,111
2026-08-18,INE0SVO01019,SIDDHICOTS,SM,27.1,28.4,27.0,28.4,28.4,28.0,8400,232800.0,7
2026-08-18,INE0A1E01018,SIDDHIKA,SM,225.8,225.8,224.0,224.0,224.0,215.05,3000,675200.0,6
2026-08-18,INE1NPP01017,ENRIN,EQ,3600.0,3639.0,3580.0,3593.2,3584.0,3605.7,182373,657413547.2,17851
2026-08-18,INE003A01024,SIEMENS,EQ,3940.2,3988.5,3936.4,3957.0,3957.0,3943.0,120386,476338302.9,14309
2026-08-18,INE0D0K01022,SIGACHI,EQ,25.91,30.09,25.91,29.61,29.4,26.35,10361044,302116705.32,30211
2026-08-18,INE933B01012,SIGMAADV,EQ,627.1,658.45,622.0,658.45,658.45,627.1,190567,124020077.55,2253
2026-08-18,INE0A0S01028,SIGMA,EQ,45.41,46.3,45.1,45.62,46.1,45.15,45133,2056560.64,1013
2026-08-18,INE903U01023,SIGNATURE,EQ,806.0,810.2,792.2,800.95,807.7,805.05,173951,139896498.5,3855
2026-08-18,INE529F01035,SIGIND,EQ,70.85,71.5,65.32,66.85,67.9,71.15,95414,6473219.32,868
2026-08-18,INE0KGZ01021,SIGNPOST,EQ,266.6,277.05,265.4,273.4,272.2,267.55,78931,21467167.65,2731
2026-08-18,INE438E01032,SIKA,EQ,1078.9,1078.9,1025.2,1030.1,1028.1,1052.9,26842,27988684.7,3190
2026-08-18,INE112X01025,SIKKO,BE,5.29,5.45,5.28,5.34,5.3,5.45,497551,2675875.54,543
2026-08-18,INE923A01015,SILINV,EQ,447.0,454.75,441.0,450.65,449.95,449.65,1450,652334.9,106
2026-08-18,INE01II01013,SILGO,EQ,69.97,69.97,68.5,69.14,69.8,68.79,178641,12341783.23,1319
2026-08-18,INE0STN01015,SILKFLEX,SM,207.4,207.4,200.5,200.5,200.5,207.0,6000,1216500.0,6
2026-08-18,INE203Y01012,SILLYMONKS,EQ,16.28,16.28,15.45,15.45,15.45,15.59,7877,122826.11,56
2026-08-18,INE625X01026,SILVERTUC,EQ,194.33,197.0,192.1,195.47,195.85,197.27,328326,64026213.05,4814
2026-08-18,INE748T01016,SIMBHALS,BZ,7.05,7.17,6.85,7.17,7.17,6.83,59892,425244.54,124
2026-08-18,INE1K4J01018,SIMCA,SM,243.0,244.4,238.0,242.55,242.5,244.0,32400,7852560.0,30
2026-08-18,INE059B01024,SIMPLEXINF,EQ,248.31,261.0,248.31,259.65,260.0,251.31,85223,21844412.52,1235
2026-08-18,INE167H01014,SIMPLXREA,EQ,123.61,136.0,123.61,130.0,130.0,130.11,10,1254.88,3
2026-08-18,INE985A01022,SINCLAIR,EQ,74.72,75.87,74.5,74.98,75.0,74.64,11794,883781.03,130
2026-08-18,INE325D01025,SINDHUTRAD,EQ,23.6,25.25,23.6,24.99,25.2,23.79,2323109,57748620.2,2399
2026-08-18,INE638A01035,SINGERIND,EQ,81.0,81.49,78.0,78.7,78.01,80.97,66886,5320391.27,717
2026-08-18,INE129Z01016,SINTERCOM,EQ,83.5,85.0,78.11,83.64,84.94,82.64,3108,262456.7,39
2026-08-18,INE792Z01011,SIRCA,EQ,440.45,448.45,435.3,442.7,441.7,439.45,920331,406725863.85,9043
2026-08-18,INE285J01028,SIS,EQ,416.1,420.7,412.45,413.6,414.0,416.45,117106,48825659.15,8259
2026-08-18,INE965H01011,SITINET,BZ,0.29,0.3,0.28,0.29,0.3,0.29,377019,110842.36,233
2026-08-18,INE076B01028,SIYSIL,EQ,634.45,651.85,632.0,643.75,644.0,632.6,93139,59876346.35,4153
2026-08-18,INE284S01014,SJS,EQ,2446.9,2516.7,2410.2,2500.2,2493.8,2534.5,222731,547685326.1,31103
2026-08-18,INE002L01015,SJVN,EQ,66.49,66.85,66.11,66.29,66.22,66.56,1069394,71013203.4,11239
2026-08-18,INE2J8701016,SKFINDUS,EQ,2745.0,2745.0,2656.0,2667.6,2656.0,2724.6,24273,65207171.4,4614
2026-08-18,INE640A01023,SKFINDIA,EQ,1660.5,1678.0,1616.0,1621.4,1619.0,1652.8,135424,222943655.3,13540
2026-08-18,INE439E01022,SKIPPER,EQ,528.05,542.5,525.95,538.95,537.9,530.7,303278,162418460.0,12297
2026-08-18,INE411D01023,SKMEGGPROD,EQ,259.42,266.0,257.35,258.6,260.0,259.42,232092,60687208.8,5126
2026-08-18,INE0KZA01016,SKP,SM,154.95,159.5,151.4,158.2,159.1,154.0,15500,2419500.0,26
2026-08-18,INE01IU01018,SKYGOLD,EQ,778.0,800.0,775.0,795.05,793.7,776.4,703295,553293074.75,16136
2026-08-18,INE0SMA01017,SLONE,ST,141.0,147.0,141.0,146.8,147.0,143.3,3200,465820.0,8
2026-08-18,INE14GK01016,SMARTEN,ST,52.9,52.95,51.1,52.95,52.95,50.45,26400,1387740.0,20
2026-08-18,INE178C01020,SMARTLINK,BE,227.45,227.45,221.25,222.5,224.5,223.76,3756,835527.3,38
2026-08-18,INE0NAZ01010,SMARTWORKS,EQ,495.0,515.7,491.6,508.5,507.75,494.95,140039,70591815.4,6718
2026-08-18,INE103C01036,SMCGLOBAL,EQ,80.0,81.34,79.82,80.69,80.75,80.41,433148,34960512.5,2252
2026-08-18,INE294B01019,SMLMAH,EQ,5264.5,5398.0,5200.0,5309.5,5286.0,5321.0,90518,479489061.0,12584
2026-08-18,INE812G01025,SMSPHARMA,EQ,358.1,363.0,352.75,359.35,363.0,358.1,126543,45190275.4,3209
2026-08-18,INE702Y01013,SMVD,SM,15.5,15.5,15.5,15.5,15.5,15.3,4040,62620.0,1
2026-08-18,INE1OIC01018,SNEHAA,SM,43.35,45.85,43.35,45.85,45.85,47.0,2000,89200.0,2
2026-08-18,INE734N01019,SNOWMAN,EQ,38.25,38.9,38.0,38.14,38.02,38.63,110597,4228369.93,1031
2026-08-18,INE671H01015,SOBHA,EQ,1328.6,1329.9,1301.5,1308.3,1309.5,1321.0,42674,56140319.8,4753
2026-08-18,INE728Z01015,SOFTTECH,EQ,429.0,434.0,405.7,413.4,414.4,427.05,25770,10947610.2,398
2026-08-18,INE343H01029,SOLARINDS,EQ,20100.0,20422.0,20030.0,20280.0,20280.0,20000.0,178203,3599149264.0,35635
2026-08-18,INE624Z01016,SOLARA,EQ,509.1,559.8,509.1,549.05,553.05,509.1,673349,364606958.35,20590
2026-08-18,INE0TY101024,SOLARWORLD,EQ,154.25,160.0,154.25,157.66,158.8,153.71,641371,101635908.33,7311
2026-08-18,INE880Y01017,SOLEX,EQ,792.0,840.0,789.95,809.05,810.0,789.0,77682,62895954.8,7145
2026-08-18,INE480C01038,SDBL,EQ,73.28,74.99,72.9,74.0,74.02,73.43,534803,39559025.26,4072
2026-08-18,INE314C01013,SOMATEX,EQ,90.01,90.44,86.5,88.38,88.3,91.0,15353,1357354.59,245
2026-08-18,INE355A01028,SOMANYCERA,EQ,521.5,522.6,511.0,512.35,514.95,518.9,195402,101129147.65,6288
2026-08-18,INE323J01019,SOMICONVEY,EQ,83.09,87.0,80.16,85.28,86.0,83.09,29198,2413913.63,1016
2026-08-18,INE073K01018,SONACOMS,EQ,806.5,827.35,806.0,824.0,824.0,805.1,2864893,2343913882.8,80244
2026-08-18,INE321M01017,SONAL,EQ,87.0,90.8,86.01,90.8,90.8,89.62,176,15226.84,17
2026-08-18,INE00LM01029,SONAMLTD,EQ,58.4,61.94,57.22,60.31,60.93,57.39,428610,25806328.53,1593
2026-08-18,INE269A01021,SONATSOFTW,EQ,322.45,322.45,308.0,309.45,309.05,320.4,1256335,394686055.0,16359
2026-08-18,INE0JZA01018,SONUINFRA,ST,36.6,36.6,36.5,36.5,36.5,36.5,4500,164400.0,3
2026-08-18,INE980Y01015,SOUTHWEST,EQ,226.96,248.49,218.52,221.35,221.3,226.28,2433833,563178418.46,31493
2026-08-18,INE970N01027,SPCENET,EQ,3.64,3.64,3.36,3.43,3.4,3.59,997803,3484222.14,813
2026-08-18,IN9572J01019,SSFLPP,E1,122.75,123.5,113.0,114.1,113.0,120.2,35972,4184342.0,445
2026-08-18,INE572J01011,SPANDANA,EQ,247.5,247.5,240.0,240.35,240.5,247.5,154385,37386795.05,4628
2026-08-18,INE1CW901027,SPEB,ST,90.9,90.9,87.65,87.65,87.65,90.9,4000,357100.0,2
2026-08-18,INE247M01014,SPECIALITY,BE,135.8,142.0,131.5,140.94,140.15,135.98,30070,4115546.85,293
2026-08-18,INE01EO01010,SPECTRUM,BE,2051.2,2231.3,2051.2,2231.3,2231.3,2125.1,5337,11706764.4,225
2026-08-18,INE252A01019,SPELS,EQ,152.3,152.3,148.01,148.87,149.5,150.68,21431,3203748.42,792
2026-08-18,INE020801028,SPENCERS,EQ,31.89,31.89,31.0,31.16,31.14,31.27,29193,911900.4,653
2026-08-18,INE147A01011,SPIC,EQ,67.25,67.77,66.26,66.73,66.85,67.09,245920,16427942.08,1988
2026-08-18,INE978G01016,SPLIL,EQ,30.98,31.8,29.8,30.14,30.1,31.07,13899,420713.24,120
2026-08-18,INE937A01023,SPMLINFRA,EQ,195.7,198.78,192.99,194.47,195.0,197.0,145589,28483642.84,2593
2026-08-18,INE885H01029,SPORTKING,EQ,207.0,216.0,205.0,214.34,214.76,206.41,599126,126669117.29,11356
2026-08-18,INE0QR801013,SPPPOLY,SM,11.35,12.35,11.35,12.35,12.35,11.9,12000,138200.0,6
2026-08-18,INE526E01018,SHRIPISTON,EQ,4500.0,4589.0,4410.2,4509.1,4500.0,4436.6,130497,586694048.2,23747
2026-08-18,INE19QH01010,SPUNWEB,SM,99.0,100.05,99.0,100.05,100.05,100.0,4800,477720.0,4
2026-08-18,INE917H01012,SRHHYPOLTD,EQ,496.05,498.6,486.0,487.15,486.0,496.05,8821,4323240.6,476
2026-08-18,INE099F01013,SREEL,EQ,261.0,262.0,250.4,254.43,254.49,260.75,23641,6031009.3,1014
2026-08-18,INE647A01010,SRF,EQ,2603.4,2644.7,2603.4,2630.0,2630.0,2616.0,238565,627296890.9,21227
2026-08-18,INE559N01010,SRGHFL,EQ,266.0,268.6,255.05,259.1,256.55,266.35,4714,1244905.35,145
2026-08-18,INE293B01029,HAVISHA,EQ,1.42,1.49,1.33,1.39,1.37,1.4,148970,210034.73,173
2026-08-18,INE009C01019,SRIKPRIND,EQ,20.5,21.48,19.4,20.69,20.6,20.21,1756,34997.28,34
2026-08-18,INE0V9Q01010,LOTUSDEV,BE,167.02,172.44,165.0,169.84,168.5,169.97,512916,87201300.13,1205
2026-08-18,INE0TPJ01019,SPCON,SM,139.0,150.0,139.0,145.85,150.0,135.0,3600,516840.0,3
2026-08-18,INE0ON201012,SSFL,ST,229.0,229.5,215.65,223.35,224.0,226.0,8000,1787775.0,15
2026-08-18,INE0NPI01014,SRIVASAVI,ST,81.0,83.5,81.0,83.0,83.0,84.0,5000,411750.0,5
2026-08-18,INE0R6Z01013,SRM,EQ,474.8,491.15,473.25,485.45,483.0,471.5,76445,36889922.85,3761
2026-08-18,INE0RYC01010,STALLION,BE,233.05,243.9,231.9,234.0,234.0,240.9,343404,81375938.1,3578
2026-08-18,INE0M4D01010,SETL,EQ,310.0,313.8,298.55,308.85,309.0,308.7,871096,267692868.6,11640
2026-08-18,INE173A01025,SIL,EQ,20.63,20.98,19.38,19.83,19.95,20.29,91235,1819822.57,727
2026-08-18,INE01A001028,STANLEY,EQ,135.02,137.9,134.5,135.0,135.6,136.65,92645,12584324.14,2299
2026-08-18,INE460H01021,STARCEMENT,EQ,197.1,202.04,195.75,199.02,198.99,199.06,375299,74495355.3,8772
2026-08-18,INE575P01011,STARHEALTH,EQ,578.85,585.8,578.85,583.9,584.7,584.25,182916,106663259.95,11030
2026-08-18,INE733A01018,STARPAPER,EQ,145.4,147.99,145.0,146.93,146.0,145.47,4331,635624.91,188
2026-08-18,INE992I01013,STARTECK,EQ,264.7,264.9,255.05,257.3,255.05,259.95,8611,2215233.45,65
2026-08-18,INE062A01020,SBIN,EQ,1059.6,1067.7,1053.0,1053.0,1053.0,1061.2,5583771,5901048527.5,152004
2026-08-18,INE114A01011,SAIL,EQ,173.5,174.67,169.86,170.2,170.2,173.6,11053548,1897025892.24,64553
2026-08-18,INE395H01011,STEELCITY,EQ,81.98,82.55,81.06,81.23,81.18,81.77,4041,330437.17,78
2026-08-18,INE503B01021,STEELXIND,EQ,10.85,10.89,10.7,10.71,10.72,10.92,565175,6072552.77,1282
2026-08-18,INE205F01016,STLSTRINF,EQ,22.78,22.78,17.35,19.1,17.81,18.99,6166,127842.84,103
2026-08-18,INE802C01033,SSWL,EQ,309.5,319.0,309.0,315.25,314.9,309.5,504291,159014771.1,9843
2026-08-18,INE124E01038,STEELCAS,EQ,352.95,359.0,348.6,357.75,358.3,352.1,105385,37242830.8,2665
2026-08-18,INE577L01016,STEL,EQ,591.4,595.0,570.0,586.1,585.0,591.4,6585,3829305.6,328
2026-08-18,INE334A01023,STERTOOLS,BE,220.1,224.9,215.0,217.5,219.0,221.9,18598,4081657.2,381
2026-08-18,INE089C01029,STLTECH,BE,649.9,670.0,642.55,646.0,647.75,642.45,1569147,1025944655.35,29032
2026-08-18,INE353H01010,SGL,EQ,9.65,9.95,9.6,9.81,9.8,9.91,2558,25081.64,45
2026-08-18,INE1VXE01018,STLNETWORK,EQ,25.25,26.0,25.0,25.68,26.0,25.37,773042,19824726.5,1963
2026-08-18,INE00IN01015,STOVEKRAFT,EQ,748.5,776.6,740.3,774.25,776.6,748.5,105788,81487972.65,6590
2026-08-18,INE1XWN01017,STRIDERS,SM,58.05,62.8,58.05,62.8,62.8,62.4,8000,480640.0,5
2026-08-18,INE939A01011,STAR,EQ,984.8,984.8,944.1,949.1,949.0,987.1,242012,231904880.4,14337
2026-08-18,INE00M201021,SWSOLAR,EQ,203.62,204.0,199.1,199.59,199.52,203.62,563510,113218008.87,7941
2026-08-18,INE00Q601028,STUDDS,EQ,450.0,451.45,443.6,449.0,448.25,448.05,56142,25142866.95,1997
2026-08-18,INE17VO01028,STUDIOLSD,SM,8.95,9.0,8.95,8.95,8.95,8.85,10000,89700.0,5
2026-08-18,INE239C01020,STYLAMIND,EQ,3555.0,3753.0,3545.0,3736.4,3723.7,3582.4,97361,357145205.3,19994
2026-08-18,INE189B01011,STYRENIX,EQ,2178.0,2200.0,2147.7,2157.3,2159.8,2181.6,28395,61459027.4,3828
2026-08-18,INE0RYR01018,SUBAHOTELS,SM,111.0,114.4,110.75,114.4,114.4,112.1,16800,1876500.0,11
2026-08-18,INE754A01055,SUBEXLTD,EQ,14.11,16.93,14.08,16.49,16.49,14.11,44677415,731390527.21,181561
2026-08-18,INE287B01021,SUBROS,EQ,760.0,768.95,740.0,746.25,745.85,762.2,67002,50112724.35,3782
2026-08-18,INE659A01023,SUDARSCHEM,EQ,1092.9,1145.0,1092.9,1130.6,1130.3,1092.9,636441,717258089.4,29032
2026-08-18,INE492A01029,SUDARCOLOR,EQ,409.1,409.35,396.0,400.3,397.6,409.1,8255,3321204.0,242
2026-08-18,INE0QPI01025,SUDEEPPHRM,EQ,1101.05,1112.4,1085.0,1104.1,1107.0,1101.55,68410,74934348.85,4670
2026-08-18,INE450E01029,SUKHJITS,EQ,158.54,161.5,158.34,159.09,159.0,157.84,6456,1029984.54,235
2026-08-18,INE142Q01026,SULA,EQ,149.15,152.49,145.95,146.85,147.35,149.13,566729,84559314.16,11239
2026-08-18,INE886B01012,SUMEDHA,EQ,36.6,45.0,36.6,39.45,39.0,45.01,6656,256901.41,106
2026-08-18,INE235C01036,SUMEETINDS,EQ,14.14,14.28,13.38,13.42,13.38,14.08,4474212,61070765.41,5993
2026-08-18,INE748Z01013,SUMIT,EQ,54.7,56.24,51.61,54.67,54.7,53.51,23195,1257086.66,486
2026-08-18,INE258G01013,SUMICHEM,EQ,559.8,566.95,552.0,563.1,561.9,559.8,359927,202145250.75,12059
2026-08-18,INE519C01017,SUMMITSEC,EQ,1430.0,1460.0,1420.9,1428.8,1421.7,1445.7,2063,2951030.7,461
2026-08-18,INE232I01014,SPARC,EQ,197.36,199.08,191.88,192.93,194.5,197.36,710149,138114675.55,11368
2026-08-18,INE044A01036,SUNPHARMA,EQ,1890.0,1899.0,1868.3,1875.1,1875.1,1882.0,1819169,3420923606.4,76048
2026-08-18,INE424H01027,SUNTV,EQ,485.0,486.95,482.15,482.8,482.7,488.25,162286,78484529.15,6430
2026-08-18,INE0Q3R01026,SUNCLAY,EQ,1288.0,1297.1,1270.1,1292.1,1287.4,1289.8,1984,2558192.0,350
2026-08-18,INE660A01013,SUNDARMFIN,EQ,4525.0,4658.0,4510.0,4619.6,4622.3,4523.9,81086,373454277.0,13088
2026-08-18,INE108E01023,SUNDARAM,EQ,1.16,1.24,1.15,1.23,1.24,1.13,1399675,1698416.93,750
2026-08-18,INE073D01013,SUNDRMBRAK,BE,909.9,909.9,860.0,862.5,879.0,899.8,1369,1194563.1,99
2026-08-18,INE387A01021,SUNDRMFAST,EQ,1210.0,1244.8,1208.7,1228.3,1226.1,1214.75,334446,411153767.05,35584
2026-08-18,INE0CTB01014,SOCL,SM,29.0,29.0,28.9,28.9,28.9,29.0,9600,277600.0,5
2026-08-18,INE209A01019,SUNDROP,EQ,665.05,665.05,648.0,649.55,652.0,651.4,21332,13906802.95,526
2026-08-18,INE947A01014,SUNFLAG,EQ,362.9,363.9,355.75,357.4,357.1,360.75,84805,30505201.2,2229
2026-08-18,INE0O3O01017,SEL,SM,314.0,314.0,298.3,304.75,305.0,314.0,9800,2944880.0,38
2026-08-18,INE671C01016,SUNLOC,EQ,75.0,75.0,67.5,68.38,67.5,68.3,366,26545.5,12
2026-08-18,INE0U2N01013,SUNLITE,SM,458.1,545.0,457.05,490.2,488.0,463.85,45000,22529955.0,107
2026-08-18,INE671K01027,SUNRAKSHAK,EQ,379.9,380.5,370.05,376.95,377.0,378.4,6621,2489831.7,183
2026-08-18,INE0PLZ20020,SUN-RE,ST,5.8,5.8,5.8,5.8,5.8,9.65,8000,46400.0,5
2026-08-18,INE0PLZ01012,SUNREST,SM,44.0,44.0,39.0,39.05,39.05,44.65,8000,326320.0,5
2026-08-18,INE199E01014,SUNSHIEL,EQ,1260.0,1274.8,1225.0,1262.4,1274.0,1228.0,1312,1644728.0,124
2026-08-18,INE0SGZ01016,SUNTECH,ST,35.65,35.65,35.65,35.65,35.65,34.8,1600,57040.0,1
2026-08-18,INE805D01034,SUNTECK,EQ,297.3,300.95,296.1,298.8,298.05,299.55,102965,30771700.85,4311
2026-08-18,INE662A01027,SUPERSPIN,BE,5.93,5.95,5.9,5.93,5.93,5.88,10598,62923.28,12
2026-08-18,INE460D01038,SUPTANERY,EQ,7.2,8.19,7.15,8.19,8.19,6.83,578158,4610398.42,1840
2026-08-18,INE712B01010,SUPERHOUSE,EQ,167.43,168.2,167.4,168.2,168.2,169.12,1529,256542.11,24
2026-08-18,INE843L01012,SIEL,EQ,38.57,38.57,38.57,38.57,38.57,35.07,4840,186678.8,93
2026-08-18,INE399C01030,SUPRAJIT,EQ,517.1,530.85,516.2,527.8,527.95,520.75,69957,36588130.5,4539
2026-08-18,INE319Z01021,SUPREMEENG,BZ,2.41,2.41,2.41,2.41,2.41,2.37,197315,475529.15,98
2026-08-18,INE0U6N01014,SFML,SM,21.5,21.5,21.5,21.5,21.5,21.5,1600,34400.0,1
2026-08-18,INE822E01011,SUPREME,EQ,42.22,42.22,40.92,41.01,41.19,40.71,6328,260651.89,143
2026-08-18,INE195A01028,SUPREMEIND,EQ,3590.0,3622.8,3580.0,3604.0,3604.0,3590.0,105998,382261304.9,12263
2026-08-18,INE550H01011,SUPREMEINF,EQ,89.3,92.4,86.0,87.06,86.1,90.66,51896,4614164.82,408
2026-08-18,INE663A01033,SPLPETRO,EQ,727.95,727.95,705.0,707.0,705.0,723.45,45433,32324629.45,4455
2026-08-18,INE0QHG01026,SUPREMEPWR,SM,195.9,230.9,195.9,230.9,230.9,192.45,318000,70174350.0,484
2026-08-18,INE07RO01027,SUPRIYA,EQ,784.0,824.0,781.6,801.65,803.4,784.0,388406,313398782.85,17665
2026-08-18,INE843S01025,SURAJEST,EQ,213.06,213.06,208.0,208.19,208.0,211.37,108902,22825138.83,1069
2026-08-18,INE713C01016,SURAJLTD,EQ,218.01,222.98,207.0,209.45,209.99,218.0,8703,1833849.04,162
2026-08-18,INE877V01027,SURAKSHA,EQ,309.5,323.45,309.5,318.3,317.0,308.45,239783,76292910.0,6404
2026-08-18,INE272L01022,SURANASOL,EQ,25.7,26.5,25.1,25.43,25.8,25.49,71147,1840669.52,771
2026-08-18,INE130B01031,SURANAT&P,EQ,16.2,16.65,15.6,16.23,16.34,16.19,47156,758886.12,419
2026-08-18,INE01ZJ01015,SURANI,SM,90.15,90.15,90.15,90.15,90.15,94.2,200,18030.0,1
2026-08-18,INE05ST01028,SBGLP,EQ,24.95,25.77,24.9,25.25,24.9,24.95,27925,702452.24,127
2026-08-18,INE335A01020,SURYAROSNI,EQ,221.27,226.84,221.27,223.44,223.6,221.27,445729,99716263.17,8086
2026-08-18,INE713B01026,SURYALAXMI,EQ,57.94,59.99,56.31,58.64,58.6,57.66,3245,189327.27,106
2026-08-18,INE132C01027,SURYALA,EQ,379.0,385.0,375.0,382.95,382.95,371.35,313,118275.5,22
2026-08-18,INE428Q01011,SURYODAY,EQ,154.01,154.01,151.15,151.92,152.01,154.01,215534,32761207.46,2981
2026-08-18,INE645H01027,SUTLEJTEX,BE,38.5,39.0,37.72,38.05,38.0,38.06,23313,896355.19,49
2026-08-18,INE495B01038,SUVEN,EQ,333.0,344.2,321.15,339.9,341.95,333.05,572993,190496776.5,13796
2026-08-18,INE018401013,SUVIDHAA,EQ,2.49,2.53,2.43,2.46,2.44,2.49,115177,285666.08,202
2026-08-18,INE442P01014,SUYOG,EQ,820.05,834.4,787.3,801.2,794.0,813.85,25281,20565195.95,1852
2026-08-18,INE040H01021,SUZLON,EQ,48.95,48.95,47.47,47.78,47.78,49.0,62318243,3000470828.52,87115
2026-08-18,INE308E01029,SVPGLOB,EQ,3.87,3.89,3.75,3.77,3.77,3.87,17219,64872.01,58
2026-08-18,INE665A01038,SWANCORP,EQ,305.5,307.35,303.95,304.55,304.2,305.2,798097,243706279.75,6559
2026-08-18,INE542F01020,SWANDEF,BE,2422.0,2422.0,2300.0,2379.2,2370.0,2390.5,15930,37432558.4,813
2026-08-18,INE277A01016,SWARAJENG,EQ,3635.0,3635.0,3580.0,3594.0,3597.0,3628.6,5045,18143598.8,1148
2026-08-18,INE0GMR01016,SWARAJ,EQ,370.0,386.75,368.5,376.15,370.15,369.3,388900,146117914.45,3304
2026-08-18,INE967A01012,SWARNSAR,EQ,33.4,36.85,33.1,33.98,35.42,36.06,9179,315265.08,55
2026-08-18,INE409B01013,SWELECTES,EQ,626.85,645.45,617.5,623.85,621.1,629.7,38843,24502527.0,2691
2026-08-18,INE00H001014,SWIGGY,EQ,277.8,277.8,272.0,274.0,274.0,278.8,8346867,2289467692.4,48772
2026-08-18,INE010C01025,SWISSMLTRY,EQ,13.7,14.64,13.11,14.01,14.3,13.36,115984,1645388.73,494
2026-08-18,INE225D01027,SYMPHONY,EQ,621.5,623.95,615.0,615.65,615.5,620.55,46932,29006676.8,3919
2026-08-18,INE312C01025,SYNCOMF,EQ,15.3,15.95,15.23,15.57,15.6,15.22,5350174,83417711.77,10105
2026-08-18,INE00QT01015,SGIL,EQ,550.2,559.8,550.0,551.2,551.0,549.65,14203,7846417.2,456
2026-08-18,INE398R01022,SYNGENE,EQ,404.55,408.9,402.3,404.1,403.5,403.0,335081,136097562.65,11485
2026-08-18,INE0BTR01012,SYNOPTICS,ST,63.75,63.8,63.75,63.75,63.75,67.1,3000,191280.0,5
2026-08-18,INE0DYJ01015,SYRMA,EQ,1489.9,1521.0,1488.9,1500.1,1499.9,1467.9,2323890,3492373984.2,90131
2026-08-18,INE0O7R01011,SYSTANGO,SM,221.9,221.9,212.0,214.6,213.6,218.1,26000,5564280.0,61
2026-08-18,INE356B01024,SYSTMTXC,BE,59.25,59.89,58.0,58.1,58.9,59.25,8991,523783.41,49
2026-08-18,INE284B01028,TGVSL,EQ,106.02,107.99,104.75,105.17,105.99,106.54,81178,8619121.98,987
2026-08-18,INE592B01024,TTL,EQ,6.1,6.8,6.02,6.48,6.56,6.15,240578,1534200.33,485
2026-08-18,INE524T01011,TAALTECH,EQ,4248.2,4270.0,4169.4,4196.2,4230.0,4238.8,2392,10083979.3,383
2026-08-18,INE0SOY01013,TAC,ST,420.05,448.75,420.05,429.25,432.15,439.55,51600,22302710.0,210
2026-08-18,INE123C01018,TAINWALCHM,EQ,210.58,217.18,207.2,214.72,216.0,208.5,5834,1240193.19,150
2026-08-18,INE586B01026,TAJGVK,EQ,334.95,347.0,332.5,345.15,346.8,337.5,142023,48240843.75,3618
2026-08-18,INE142I01023,TAKE,EQ,23.8,23.8,22.8,23.31,23.44,23.43,1387761,32378611.45,2082
2026-08-18,INE187D01029,TALBROAUTO,EQ,423.5,430.6,420.5,426.95,428.95,423.45,77394,32971885.65,3455
2026-08-18,INE864J01012,TAMBOLIIN,BE,254.0,262.5,244.0,259.34,256.0,250.81,40178,9983612.15,187
2026-08-18,INE668A01016,TMB,EQ,839.0,850.9,836.45,847.1,846.85,843.7,73206,61783924.65,5173
2026-08-18,INE107A01015,TNPL,EQ,141.0,142.95,136.52,138.07,137.4,140.88,248504,34792203.53,3327
2026-08-18,INE148A01019,TNPETRO,EQ,115.0,118.19,111.78,112.45,112.8,114.16,834956,96326908.0,10632
2026-08-18,INE141D01018,TNTELE,EQ,9.0,9.14,8.91,9.06,9.06,8.96,16035,144079.1,56
2026-08-18,INE692C01020,TANAA,EQ,308.5,317.0,298.1,313.85,314.0,300.95,8980,2793163.0,393
2026-08-18,INE0Z7N01017,TANKUP,ST,1190.1,1225.0,1190.1,1225.0,1225.0,1240.0,500,603775.0,2
2026-08-18,INE483C01032,TANLA,EQ,571.0,578.5,555.5,576.75,577.5,573.5,773554,438147225.95,24437
2026-08-18,INE0M7001010,TAPIFRUIT,SM,52.0,52.0,52.0,52.0,52.0,50.0,750,39000.0,1
2026-08-18,INE555Z01020,TARACHAND,EQ,47.12,47.44,46.01,46.96,47.0,47.12,80945,3772649.62,925
2026-08-18,INE747K01017,TARAPUR,EQ,14.33,15.68,14.04,15.16,15.04,14.33,64238,978064.54,527
2026-08-18,INE0EK901012,TARC,EQ,124.05,124.05,120.1,120.81,120.78,124.36,377025,45922333.85,3255
2026-08-18,INE924H01018,TARMAT,EQ,56.99,56.99,53.3,53.83,53.97,55.98,32411,1771593.15,335
2026-08-18,INE144Z01023,TARSONS,EQ,365.0,365.0,332.0,336.65,338.0,361.5,1199370,409570585.9,22130
2026-08-18,INE488B01017,TASTYBITE,EQ,10098.5,10399.0,9903.5,10142.5,10155.0,10014.5,24438,249514651.5,7675
2026-08-18,INE976I01016,TATACAP,EQ,357.5,363.9,355.1,363.15,363.65,359.25,854053,307834128.2,18729
2026-08-18,INE092A01019,TATACHEM,EQ,663.0,667.05,651.0,653.0,651.75,662.9,325477,213839784.2,13687
2026-08-18,INE151A01013,TATACOMM,EQ,1700.1,1709.2,1682.0,1689.8,1690.0,1711.9,357284,604940873.2,35020
2026-08-18,INE467B01029,TCS,EQ,2300.0,2307.0,2280.0,2280.0,2280.0,2313.2,1797822,4114677787.5,83531
2026-08-18,INE192A01025,TATACONSUM,EQ,1075.5,1079.1,1061.6,1061.6,1061.6,1072.6,939925,1003897434.1,37897
2026-08-18,INE670A01012,TATAELXSI,EQ,3759.0,3759.0,3656.0,3662.0,3662.0,3760.0,192129,707894284.7,17007
2026-08-18,INE672A01026,TATAINVEST,EQ,654.55,659.35,645.3,647.2,648.0,654.55,175566,114358640.65,11059
2026-08-18,INE1TAE01010,TMCV,EQ,467.0,474.9,463.5,471.65,468.8,470.4,6376666,2992083094.8,92383
2026-08-18,INE155A01022,TMPV,EQ,330.5,331.7,322.8,322.8,322.8,330.2,9865820,3210448719.2,110618
2026-08-18,INE245A01021,TATAPOWER,EQ,378.4,382.05,378.4,381.0,381.0,381.5,2827459,1075959748.2,30671
2026-08-18,INE081A01020,TATASTEEL,EQ,186.34,187.11,184.33,185.5,185.5,186.0,13393441,2481938987.78,102914
2026-08-18,INE142M01025,TATATECH,EQ,840.0,844.7,815.2,835.8,832.0,841.65,1516377,1259359890.0,56798
2026-08-18,INE517B01013,TTML,EQ,38.0,38.35,37.6,37.85,37.89,38.15,914895,34749769.17,5187
2026-08-18,INF277K015R5,NETF,EQ,264.66,264.66,263.0,263.21,263.0,265.2,860,226717.37,114
2026-08-18,INF277K010X4,NPBET,EQ,283.28,285.5,281.54,285.04,285.5,283.33,4184,1182603.78,14
2026-08-18,INF277KA1364,TNIDETF,EQ,93.12,93.12,89.43,89.72,89.98,90.85,152705,13702736.44,820
2026-08-18,INF277KA1976,TATAGOLD,EQ,14.47,15.22,14.47,14.85,14.85,14.85,31734829,471313586.24,61613
2026-08-18,INF277KA1984,TATSILV,EQ,22.13,22.9,22.13,22.49,22.52,22.7,24258207,546450031.14,34988
2026-08-18,INE0GK401011,TATVA,EQ,1686.0,1700.8,1639.7,1669.6,1679.0,1685.8,83030,137951997.8,8648
2026-08-18,INE0XWS01018,TAURIAN,SM,445.0,463.0,440.0,461.1,463.0,434.95,55200,24879040.0,55
2026-08-18,INE053F07835,753IRFC30,NJ,1134.01,1134.01,1134.01,1134.01,1134.01,1134.0,11,12474.11,1
2026-08-18,INE053F07900,764IRFC31,NO,1144.07,1144.07,1144.06,1144.06,1144.06,1147.47,100,114406.5,2
2026-08-18,INE906B07EP5,769NHAI31,NE,1151.0,1151.0,1148.36,1148.45,1148.7,1148.36,131,150449.64,4
2026-08-18,INE053F07843,750IRFC35,NK,1213.0,1213.0,1213.0,1213.0,1213.0,1208.75,13,15769.0,2
2026-08-18,INE906B07EJ8,76NHAI31,,1123.99,1123.99,1123.99,1123.99,1123.99,1116.93,1,1123.99,1
2026-08-18,INE0N2D01013,TBI,SM,62.0,62.0,58.65,60.95,60.95,61.6,25800,1568730.0,36
2026-08-18,INE673O01025,TBOTEK,EQ,1720.0,1725.5,1671.5,1708.2,1705.9,1700.0,371186,630754560.0,22886
2026-08-18,INE887D01016,TCC,EQ,252.25,255.45,250.1,253.05,253.9,256.3,13533,3419499.7,544
2026-08-18,INE586V01016,TCIEXP,EQ,566.75,573.45,551.5,555.2,552.9,566.75,36942,20677476.1,2198
2026-08-18,INE911B01018,TCIFINANCE,BE,15.46,15.74,15.0,15.32,15.31,15.46,17529,272258.82,83
2026-08-18,INE822C01015,TCPLPACK,EQ,4037.9,4264.0,4016.9,4234.8,4253.0,4037.6,42484,177058020.1,4902
2026-08-18,INE419M01027,TDPOWERSYS,EQ,1549.0,1597.7,1529.2,1586.6,1585.0,1548.8,1797894,2828899465.1,84428
2026-08-18,INE289C01025,TEAMGTY,EQ,230.0,238.0,226.24,234.97,234.98,224.2,25080,5892753.51,47
2026-08-18,INE985S01024,TEAMLEASE,EQ,1228.1,1261.4,1228.1,1246.5,1241.0,1239.6,16967,21226836.8,3754
2026-08-18,INE065J01024,TPHQ,EQ,0.61,0.63,0.54,0.63,0.63,0.58,33421785,19924914.68,2409
2026-08-18,INE2OL601013,TEAMTECH,ST,113.0,117.7,113.0,117.0,117.0,118.85,28000,3224800.0,12
2026-08-18,INE669C01036,TECHM,EQ,1605.0,1608.0,1579.9,1592.0,1592.0,1610.0,1904893,3023566693.5,49074
2026-08-18,INE0Y5H01014,TECHD,ST,583.8,583.8,565.0,575.0,575.0,579.3,10500,5992290.0,33
2026-08-18,INE0JQS01019,TECHERA,SM,172.1,178.5,168.55,176.6,176.5,170.95,43200,7552680.0,46
2026-08-18,INE285K01026,TECHNOE,EQ,965.0,1018.0,957.55,1002.45,1005.0,959.15,444335,444415879.35,29268
2026-08-18,INE545H01011,TIIL,EQ,3090.0,3359.9,3090.0,3280.2,3279.9,3097.2,190168,622203446.7,22684
2026-08-18,INE1D0W01018,TECHNOCRAF,EQ,296.0,306.9,292.0,304.79,304.0,299.94,2132502,639047954.63,27228
2026-08-18,INE314H01012,TECHNVISN,EQ,5122.2,5122.2,4792.9,5014.4,5003.8,5045.1,688,3393845.0,179
2026-08-18,INE014B01011,TECILCHEM,EQ,8.78,8.78,8.1,8.54,8.54,8.39,5093,43093.24,47
2026-08-18,INE0K6601012,TGL,ST,18.1,18.1,18.1,18.1,18.1,19.05,5400,97740.0,17
2026-08-18,INE011K01018,TEGA,EQ,1744.0,1744.0,1702.1,1733.9,1735.4,1744.0,68894,118976984.4,6437
2026-08-18,INE0R1301019,TEJA,SM,390.15,390.15,390.15,390.15,390.15,433.5,3600,1404540.0,6
2026-08-18,INE17WC01013,TEJASCARGO,SM,400.5,400.75,400.25,400.25,400.25,406.0,40400,16178400.0,3
2026-08-18,INE010J01012,TEJASNET,EQ,522.0,529.6,517.3,519.3,519.8,522.85,757795,395700562.1,19829
2026-08-18,INE869Y01028,TEMBO,EQ,60.35,61.75,59.05,59.75,59.5,60.35,1565063,94345536.1,4055
2026-08-18,INE19RI01016,TENNIND,EQ,548.7,560.0,548.0,550.3,552.0,548.45,1493025,827631803.15,32323
2026-08-18,INE482B01010,TERASOFT,EQ,337.0,357.7,327.0,344.15,347.9,336.7,24791,8585503.6,1550
2026-08-18,INE390D01011,TERAI,EQ,124.0,124.0,124.0,124.0,124.0,124.6,7,868.0,4
2026-08-18,INE435C01024,TEXINFRA,EQ,109.47,109.48,103.5,107.05,107.75,107.85,120182,12802974.31,1165
2026-08-18,INE621L01012,TEXRAIL,EQ,106.9,106.94,104.2,104.72,104.5,106.89,601008,63269864.92,6542
2026-08-18,INE141K01013,TEXMOPIPES,EQ,45.73,45.99,44.26,45.11,45.02,45.62,27739,1254328.45,253
2026-08-18,INE733E07JT8,737NTPC35C,,1378.0,1378.0,1378.0,1378.0,1378.0,1204.0,58,79924.0,1
2026-08-18,INE733E07JW2,762NTPC35F,ND,1230.0,1230.0,1230.0,1230.0,1230.0,1248.9,200,246000.0,1
2026-08-18,INE797H01018,TGBHOTELS,EQ,9.5,9.5,9.07,9.2,9.3,9.2,7361,67681.8,36
2026-08-18,INE0QJL01014,TCL,SM,141.1,143.0,132.5,138.35,137.0,141.55,54400,7463520.0,61
2026-08-18,INE077P01034,THACKER,BE,1028.0,1054.7,1008.0,1054.7,1054.7,1060.0,42,43826.6,5
2026-08-18,INE403F01017,THAKDEV,EQ,152.0,160.0,140.0,154.79,160.0,154.18,1102,165742.84,49
2026-08-18,INE085J01014,THANGAMAYL,EQ,5328.0,5499.0,5321.0,5481.5,5471.5,5336.5,92660,503056589.5,14036
2026-08-18,INE294Z01018,ANUP,EQ,1832.0,1852.8,1811.9,1825.2,1829.3,1834.5,17978,32804014.4,2647
2026-08-18,INE319B01014,BYKE,BE,31.48,32.3,30.9,31.81,31.31,31.49,16836,534525.88,68
2026-08-18,INE017A01032,GESHIP,EQ,1274.0,1326.0,1269.1,1302.9,1305.0,1274.9,1019929,1335337145.4,53559
2026-08-18,INE646C01018,GROBTEA,EQ,953.8,953.8,935.4,944.0,944.0,953.8,45,42269.3,10
2026-08-18,INE127B01011,HITECHGEAR,BE,541.6,549.0,523.0,534.55,535.0,544.3,4798,2555048.25,190
2026-08-18,INE383A01012,INDIACEM,EQ,376.15,377.95,372.05,374.5,373.5,376.15,73424,27466525.95,6014
2026-08-18,INE053A01029,INDHOTEL,EQ,717.0,721.8,712.5,719.0,719.0,720.0,1151586,826111729.55,16219
2026-08-18,INE924D01017,THEINVEST,EQ,98.0,101.69,97.01,99.09,100.9,98.68,4700,467140.14,95
2026-08-18,INE470Y01017,NIACL,EQ,183.6,185.9,182.73,184.08,183.65,183.64,1033947,190357084.63,13920
2026-08-18,INE431F01018,PKTEA,EQ,704.5,733.0,675.25,723.75,729.25,704.5,77,53552.6,12
2026-08-18,INE211B01039,PHOENIXLTD,EQ,1938.1,1940.0,1905.1,1940.0,1940.0,1929.8,456494,878489820.5,26134
2026-08-18,INE331A01037,RAMCOCEM,EQ,922.6,924.25,897.15,909.8,914.25,922.6,232980,211698746.45,10218
2026-08-18,INE301D01026,RUBYMILLS,BE,397.95,401.55,384.7,401.55,401.55,382.45,15176,6036938.2,219
2026-08-18,INE683A01023,SOUTHBANK,EQ,45.21,45.5,44.9,45.09,45.14,45.22,5224750,235532977.44,15783
2026-08-18,INE655A01013,STCINDIA,EQ,116.95,117.69,116.02,116.68,116.55,116.81,15827,1847790.19,311
2026-08-18,INE071E01023,UGARSUGAR,EQ,53.49,55.14,50.16,50.77,51.08,52.18,1577009,83705050.16,11163
2026-08-18,INE215F01023,WIPL,EQ,165.97,168.39,161.25,162.18,163.0,165.97,9774,1595261.52,59
2026-08-18,INE121N01019,THEJO,EQ,2129.0,2142.6,2044.0,2051.4,2055.0,2118.1,5961,12447367.5,971
2026-08-18,INE083B01024,THEMISMED,EQ,104.44,107.5,104.09,106.82,106.0,104.09,83550,8821641.38,1248
2026-08-18,INE152A01029,THERMAX,EQ,4170.0,4188.2,4055.4,4079.9,4075.2,4141.4,126453,518784806.4,20870
2026-08-18,INE0SHE01019,THESL,ST,19.0,19.0,19.0,19.0,19.0,18.3,3000,57000.0,1
2026-08-18,INE338A01024,TIRUMALCHM,EQ,155.0,157.39,150.4,151.34,150.5,154.73,361181,55100007.21,5364
2026-08-18,INE332A01027,THOMASCOOK,EQ,103.75,104.43,102.0,102.4,103.0,103.68,444214,45744081.38,4511
2026-08-18,INE480M01011,THOMASCOTT,EQ,293.0,297.15,276.0,278.8,278.1,301.1,360674,101516643.3,9999
2026-08-18,INE594H01019,THYROCARE,EQ,623.4,623.4,603.4,608.25,610.0,618.6,281037,171419870.55,17341
2026-08-18,INE906O01029,TIGERLOGS,EQ,26.8,28.0,26.31,27.98,28.0,27.08,1144954,31548069.72,3467
2026-08-18,INE440L01017,TIJARIA,EQ,5.67,5.85,5.53,5.68,5.73,5.55,95181,544139.52,210
2026-08-18,INE806C01018,TIL,BE,231.0,232.8,225.15,226.9,226.95,229.85,172337,39322097.55,680
2026-08-18,INE133E01013,TI,EQ,583.0,593.0,579.2,582.8,581.2,580.55,917349,536959694.3,27910
2026-08-18,INE508G01029,TIMETECHNO,EQ,189.0,191.7,185.02,185.67,185.8,189.61,1402919,262846040.57,20947
2026-08-18,INE064A01026,TIMEX,EQ,548.0,569.4,545.15,549.2,547.0,541.3,542921,303103055.85,34071
2026-08-18,INE325A01013,TIMKEN,EQ,3300.0,3324.7,3289.1,3299.5,3310.0,3290.5,10814,35739150.3,4717
2026-08-18,INE015C01016,TINNARUBR,EQ,1049.0,1080.0,1032.0,1065.1,1079.9,1030.3,51796,54351356.7,4959
2026-08-18,INE0LQS01015,TIPSFILMS,EQ,339.85,345.45,332.05,335.85,333.1,341.55,5512,1863799.95,367
2026-08-18,INE716B01029,TIPSMUSIC,EQ,656.25,662.4,650.0,655.7,655.5,656.25,195220,127782476.3,13983
2026-08-18,INE319Y01024,TIRUPATIFL,BE,64.5,67.4,63.24,64.08,65.54,64.24,379949,24778026.79,1405
2026-08-18,INE615H01020,TITAGARH,EQ,820.45,848.0,813.5,841.4,839.65,820.95,435134,360630208.65,20375
2026-08-18,INE280A01028,TITAN,EQ,5060.0,5094.9,5042.5,5048.6,5048.6,5068.5,354873,1794490460.9,44359
2026-08-18,INE932C01012,TOKYOPLAST,EQ,79.9,79.9,77.02,77.2,77.2,79.9,67,5226.29,5
2026-08-18,INE0RWQ01014,TOLINS,EQ,96.4,97.64,95.0,95.55,96.0,97.08,32207,3096496.78,804
2026-08-18,INE685A01028,TORNTPHARM,EQ,4900.0,5009.0,4876.0,4971.0,4971.0,4900.0,426573,2123369778.0,38582
2026-08-18,INE813H01021,TORNTPOWER,EQ,1313.0,1319.0,1259.0,1264.1,1263.5,1312.8,356402,454391685.1,36166
2026-08-18,INE336X01012,TOTAL,EQ,66.99,70.99,64.1,68.56,68.95,65.07,54145,3708499.2,332
2026-08-18,INE486Y01013,TOUCHWOOD,EQ,62.99,63.95,61.11,61.85,61.71,62.68,1386,86727.23,48
2026-08-18,INE305A01023,TFCILTD,EQ,121.4,125.99,121.38,123.7,124.3,120.28,17194399,2126690886.99,47983
2026-08-18,INE457P01020,TOYAMSL,EQ,0.69,0.69,0.66,0.67,0.68,0.67,417557,279966.15,145
2026-08-18,INE413G01022,TPLPLASTEH,EQ,77.02,79.0,76.31,78.76,79.0,77.25,115355,8962327.22,1072
2026-08-18,INE0HMF01019,TRACXN,EQ,29.25,29.72,28.57,29.04,29.0,29.07,71590,2081717.11,521
2026-08-18,INE763I01026,TARIL,EQ,296.1,299.3,295.15,297.5,297.4,296.3,603889,179671141.0,10779
2026-08-18,INE330E01023,TRANSCOR,EQ,23.66,24.73,23.65,24.61,24.11,24.26,357,8758.04,36
2026-08-18,INE0O3901029,TREL,EQ,26.05,27.19,26.04,26.79,27.0,26.05,191146,5123254.71,929
2026-08-18,INE687A01016,TRANSPEK,BE,1163.9,1163.9,1112.5,1132.8,1115.0,1138.6,4536,5114780.9,236
2026-08-18,INE688A01022,TCI,EQ,905.6,913.45,901.0,910.3,910.0,907.65,13317,12072699.45,1758
2026-08-18,INE454P01035,TRANSRAILL,EQ,463.2,465.6,457.7,459.0,458.45,464.85,290403,133925656.35,9059
2026-08-18,INE0NVI01020,TRANSTEEL,SM,79.6,86.5,79.4,82.5,82.5,80.05,51000,4258100.0,43
2026-08-18,INE804H01012,TFL,EQ,11.5,11.55,11.05,11.07,11.07,11.34,7008,78684.59,60
2026-08-18,INE757B01015,TRANSWORLD,BE,159.0,160.0,157.1,157.12,157.1,159.34,7324,1157562.85,39
2026-08-18,INE103V01028,TRAVELFOOD,EQ,1363.0,1389.3,1315.2,1346.4,1352.0,1358.2,131141,176306604.3,12455
2026-08-18,INE040M01013,TREEHOUSE,EQ,6.31,6.31,6.01,6.29,6.3,5.93,4664,29277.09,88
2026-08-18,INE00CA01015,TREJHARA,EQ,170.99,170.99,162.01,166.95,167.0,163.76,18380,3046892.96,414
2026-08-18,INE849A01020,TRENT,EQ,2946.1,2980.4,2932.1,2942.1,2942.1,2946.0,718320,2123856257.3,45780
2026-08-18,INE391D01019,TRF,EQ,230.58,233.27,228.01,231.11,230.45,230.57,11809,2723786.6,358
2026-08-18,INE760L01018,TBZ,EQ,241.5,252.1,241.45,251.05,250.85,243.7,437112,108078971.9,6922
2026-08-18,INE064C01022,TRIDENT,EQ,24.59,25.09,24.4,24.47,24.46,24.57,3695179,91397338.78,13991
2026-08-18,INE0QD201012,TECHLABS,SM,120.0,122.0,118.0,119.45,118.0,120.0,13000,1558850.0,41
2026-08-18,INE948A01012,TRIGYN,EQ,55.3,56.43,54.5,55.51,55.4,55.3,27389,1518715.89,885
2026-08-18,INE440G01017,TRITONV,EQ,1174.9,1190.0,1120.1,1146.1,1154.9,1148.6,3434,3984708.9,342
2026-08-18,INE256C01024,TRIVENI,EQ,280.0,284.39,273.75,276.52,279.01,279.64,1009099,280820712.33,14369
2026-08-18,INE152M01016,TRITURBINE,EQ,597.65,601.9,579.0,581.9,582.0,597.9,1323165,770349787.35,22445
2026-08-18,INE0SYV01018,TROM,SM,56.1,56.1,53.9,55.45,55.45,56.1,8400,458970.0,14
2026-08-18,INE0MWH01014,TRUALT,EQ,483.9,483.9,469.9,474.5,478.0,479.25,309251,147660331.0,8048
2026-08-18,INE615R01029,TRU,EQ,4.87,4.9,4.35,4.41,4.38,4.48,222326,1037679.9,636
2026-08-18,INE0SWN01019,TRUST,SM,26.7,26.7,25.0,25.0,25.0,26.2,19800,498960.0,20
2026-08-18,INE16VK01010,TSC,ST,50.75,50.75,50.7,50.75,50.75,50.75,18000,913400.0,9
2026-08-18,INE202Z01029,TSFINV,EQ,420.6,421.4,415.0,416.2,416.7,420.4,21032,8765344.6,908
2026-08-18,INE1C3207081,935TSIIC28,N0,103000.0,103000.0,102800.0,103000.0,103000.0,103300.0,11,1132000.0,6
2026-08-18,INE910C01018,TTKHLTCARE,EQ,1134.0,1155.0,1101.3,1114.1,1105.0,1138.4,21545,24165247.4,3052
2026-08-18,INE690A01028,TTKPRESTIG,EQ,590.05,599.0,589.05,594.6,597.85,592.1,32667,19374379.55,2997
2026-08-18,INE974X01010,TIINDIA,EQ,2755.8,2989.0,2755.8,2959.0,2959.0,2741.4,4188005,12284382796.1,195092
2026-08-18,INE0OXV01027,TUNWAL,SM,26.4,26.4,26.1,26.1,26.1,26.2,24000,630800.0,8
2026-08-18,INE0OC301013,TURTLEMINT,EQ,147.15,158.5,144.11,145.75,145.5,150.15,9091389,1386580439.04,73157
2026-08-18,INE400A01014,TUTIALKA,EQ,59.79,59.79,56.17,56.33,56.8,56.71,2905,167556.21,84
2026-08-18,INE038F01029,TVTODAY,EQ,110.93,114.05,110.93,113.46,113.55,110.93,31820,3607062.21,427
2026-08-18,INE871L01013,TVVISION,BE,4.09,4.09,3.76,3.77,3.89,3.95,46117,175434.51,100
2026-08-18,INE236G01019,TVSELECT,EQ,450.05,459.45,445.9,450.45,452.9,450.35,31392,14168063.05,1817
2026-08-18,INE105A01035,TVSHLTD,EQ,14136.0,14201.0,13870.0,14096.0,14080.0,14072.0,3210,45102485.0,1508
2026-08-18,INE494B01023,TVSMOTOR,EQ,4373.9,4407.1,4341.2,4356.8,4356.8,4385.9,444890,1942817972.8,45943
2026-08-18,INE494B04019,TVSMNCRPS,P1,10.55,10.55,10.5,10.5,10.55,10.5,11212320,118253518.5,579
2026-08-18,INE421C01016,TVSSRICHAK,EQ,4839.8,4930.0,4681.0,4746.8,4735.0,4868.9,65248,313081809.7,9684
2026-08-18,INE395N01027,TVSSCS,EQ,122.4,123.48,121.25,122.17,122.09,121.48,278268,34073151.27,6264
2026-08-18,INE388G01026,TICL,BE,9.61,9.85,9.35,9.54,9.73,9.61,16495,156430.55,73
2026-08-18,INE726E01014,UPHOT,EQ,1448.0,1448.0,1448.0,1448.0,1448.0,1400.0,2,2896.0,2
2026-08-18,INE152C01025,UYFINCORP,BE,21.79,22.28,20.33,20.37,20.33,21.39,287353,5981165.04,394
2026-08-18,INE139B01016,UCAL,EQ,154.4,156.99,147.02,152.31,152.0,151.87,131245,20120304.52,1433
2026-08-18,INE583D07596,1050UCL28,NH,1015.0,1015.0,1009.0,1009.0,1009.0,1013.0,117,118749.0,3
2026-08-18,INE691A01018,UCOBANK,EQ,25.98,26.13,25.85,25.9,25.85,26.11,1487265,38619386.87,8808
2026-08-18,INE551B01012,UDAYJEW,EQ,145.65,149.0,144.8,144.97,144.8,145.36,11329,1661188.84,221
2026-08-18,INE0N0Y01013,USK,EQ,21.2,22.85,21.2,22.43,22.54,21.83,36934,817052.75,233
2026-08-18,INE516A01017,UFLEX,EQ,615.0,630.45,585.55,613.3,608.0,586.05,6025632,3665615373.0,113333
2026-08-18,INE527H01019,UFO,EQ,67.88,67.88,65.78,66.08,66.02,66.47,28917,1922465.34,750
2026-08-18,INE583D01011,UGROCAP,EQ,92.8,93.39,90.5,90.8,90.55,92.75,364000,33261375.49,1773
2026-08-18,INE899L01030,UEL,EQ,211.36,211.36,211.36,211.36,211.36,222.48,3059,646550.24,192
2026-08-18,INE551W01018,UJJIVANSFB,EQ,71.98,72.64,71.13,72.33,72.49,72.21,11368755,817967597.02,48011
2026-08-18,INE405A01021,ULTRAMAR,EQ,396.2,405.0,392.8,401.0,402.0,394.2,28858,11563953.7,2951
2026-08-18,INE481G01011,ULTRACEMCO,EQ,11626.0,11674.0,11499.0,11499.0,11499.0,11681.0,210406,2432873217.0,25955
2026-08-18,INE067901012,UMA,SM,14.8,14.85,14.8,14.8,14.8,15.55,28000,415200.0,4
2026-08-18,INE0GIU01018,UMAEXPORTS,BE,22.0,22.3,21.7,22.22,22.3,21.73,80860,1774012.44,125
2026-08-18,INE398B01018,UMIYA-MRO,EQ,90.0,90.45,88.26,88.43,88.32,89.01,9062,803197.4,71
2026-08-18,INE351A01035,UNICHEMLAB,EQ,548.8,552.9,521.6,529.6,528.45,543.3,120244,64748775.8,4299
2026-08-18,INE00U401027,UNIECOM,EQ,84.94,89.18,84.1,87.9,89.18,84.95,504725,43568346.62,4739
2026-08-18,INE0PRF01011,UNIHEALTH,SM,735.0,738.0,700.0,719.6,719.9,714.4,21000,14939100.0,41
2026-08-18,INE481Z01011,UNIINFO,EQ,11.4,12.25,11.25,11.37,11.3,11.69,6626,75491.63,45
2026-08-18,INE0U3I01011,UNIMECH,EQ,1512.4,1552.9,1498.0,1517.4,1518.0,1511.3,194130,294819918.6,15926
2026-08-18,INE692A01016,UNIONBANK,EQ,187.99,190.58,185.5,185.5,185.5,188.9,6684017,1249032176.38,41047
2026-08-18,INF582M01KS4,UNIONGOLD,EQ,149.95,151.4,149.15,149.35,149.35,149.25,3203,479188.2,101
2026-08-18,INE244O01017,UNIPARTS,EQ,801.15,837.7,801.15,825.85,829.0,801.15,223637,184911271.25,12060
2026-08-18,INE037A01022,UNIENTER,EQ,97.5,99.0,96.0,97.85,99.0,95.59,8142,792161.23,129
2026-08-18,INE694A01020,UNITECH,EQ,3.98,4.15,3.94,4.01,4.06,3.95,7059952,28293843.08,9048
2026-08-18,INE686F01025,UBL,EQ,1365.0,1381.2,1349.1,1355.5,1358.0,1367.9,61635,84150818.6,7386
2026-08-18,INE961D01019,UNIDT,BE,228.95,231.4,219.0,227.49,228.0,228.95,9579,2130676.72,120
2026-08-18,INE382M01027,UFBL,BE,788.9,790.45,768.05,780.35,782.0,762.6,34438,26820415.9,2103
2026-08-18,INE0SMR01011,UHTL,ST,112.45,112.45,112.45,112.45,112.45,107.1,70000,7871500.0,32
2026-08-18,INE458F01011,UNITEDTEA,EQ,455.25,464.9,451.0,452.05,451.0,455.65,10119,4584766.6,188
2026-08-18,INE368U01029,UNITEDPOLY,BE,34.99,34.99,33.5,34.53,34.5,33.82,146376,5005890.8,186
2026-08-18,INE854D01024,UNITDSPR,EQ,1550.0,1550.0,1520.0,1520.9,1520.9,1545.0,328688,503475360.1,23864
2026-08-18,INE562X01013,UNIVASTU,BE,176.0,177.13,175.05,176.89,177.13,168.7,222585,39368799.08,1602
2026-08-18,INE279A01012,UNIVCABLES,EQ,1725.9,1771.2,1701.0,1745.0,1730.0,1724.6,125726,218831951.2,11530
2026-08-18,INE03V001013,UNIVPHOTO,BE,460.0,480.0,457.7,468.9,462.65,478.0,1286,609210.45,44
2026-08-18,INE405E01023,UNOMINDA,EQ,1272.5,1281.2,1263.0,1273.0,1273.0,1269.9,452660,576308413.0,25015
2026-08-18,INE148I08256,915SCL26,NE,1076.0,1076.0,1076.0,1076.0,1076.0,1078.0,31,33356.0,2
2026-08-18,INE530B08094,10IIFL28A,NE,1040.5,1040.5,1040.5,1040.5,1040.5,1034.0,92,95726.0,3
2026-08-18,INE530B08102,96IIFL28A,NF,1003.0,1004.06,1000.2,1003.5,1004.06,1003.9,3856,3865699.75,76
2026-08-18,INE477L08162,IIFLZC28C,N6,1600.0,1600.0,1583.2,1583.2,1583.2,1581.0,250,399160.0,2
2026-08-18,INE477L08147,10IIFL28,N4,1008.45,1009.0,1008.45,1009.0,1009.0,1007.47,50,50444.5,3
2026-08-18,INE477L08154,96IIFL28,N5,1001.97,1001.97,1000.0,1001.57,1001.86,1001.34,2139,2141698.38,37
2026-08-18,INE866I08279,10IIFL29,N6,1034.9,1034.9,1034.9,1034.9,1034.9,1020.9,30,31047.0,2
2026-08-18,INE866I08295,105IIFL29,N7,1098.0,1098.0,1098.0,1098.0,1098.0,1043.0,35,38430.0,1
2026-08-18,INE851I01011,UDS,EQ,211.97,212.79,203.12,210.79,212.0,211.72,266717,55798864.64,5792
2026-08-18,INE628A01036,UPL,EQ,570.0,570.05,560.0,560.05,560.05,567.1,1746720,987165294.15,24705
2026-08-18,INE568Z01015,URAVIDEF,BE,106.5,106.5,103.2,105.09,105.65,106.0,3280,342494.37,124
2026-08-18,INE0CAZ01013,URBANCO,EQ,144.56,146.7,143.01,144.97,144.51,144.6,11131114,1611489845.62,30900
2026-08-18,INE0O0201019,URBAN,SM,145.55,148.0,142.0,143.2,143.0,147.05,24800,3589240.0,30
2026-08-18,INE550C01020,URJA,EQ,9.4,9.47,9.36,9.41,9.41,9.46,508788,4782500.43,1938
2026-08-18,INE0LS001014,USHAFIN,SM,42.0,42.0,42.0,42.0,42.0,42.0,1600,67200.0,1
2026-08-18,INE240C01028,UMESLTD,EQ,6.02,6.02,5.66,5.88,5.83,6.02,11809,68935.01,57
2026-08-18,INE228A01035,USHAMART,EQ,498.1,504.9,494.0,498.8,500.0,498.05,500681,250784277.65,18776
2026-08-18,INE094J01016,UTIAMC,EQ,910.0,910.0,893.15,894.6,893.15,907.3,75764,68056324.9,5674
2026-08-18,INF789F1AG68,LIQUIDBETA,EQ,1004.65,1004.65,1004.63,1004.63,1004.63,1004.49,118,118548.02,3
2026-08-18,INF789F1AUV1,BANKBETA,EQ,59.63,59.72,59.25,59.33,59.26,59.77,1801535,106757422.37,581
2026-08-18,INF789F1AZF3,GILT10BETA,EQ,26.97,26.97,26.44,26.84,26.84,26.91,622,16646.67,14
2026-08-18,INF789F1AZE6,GILT5BETA,EQ,66.76,67.13,65.81,66.4,66.4,66.43,25765,1699277.84,16
2026-08-18,INF789F1AZD8,ITBETA,EQ,325.0,327.62,312.2,320.99,321.25,327.67,3536,1131954.89,166
2026-08-18,INF789F1AYX9,MIDCAPBETA,EQ,237.84,238.07,235.8,236.0,236.0,237.8,717,169601.61,30
2026-08-18,INF789F1AUW9,NEXT50BETA,EQ,80.03,80.68,80.02,80.2,80.4,80.47,117114,9412555.82,527
2026-08-18,INF789F1AZC0,NIFTYBETA,EQ,273.26,273.26,267.97,268.59,268.8,270.55,49986,13437011.22,511
2026-08-18,INF789FB1X58,SENSEXBETA,EQ,858.0,862.0,856.0,858.23,857.0,857.51,462,396778.25,123
2026-08-18,INF789F1AYK6,SILVERBETA,EQ,225.78,225.78,223.27,223.9,223.99,225.93,386169,86451857.55,2689
2026-08-18,INF789F1AUU3,SNXT50BETA,EQ,96.62,97.29,96.14,96.79,96.99,96.62,484,46775.54,72
2026-08-18,INF789F1AUX7,GOLDBETA,EQ,128.55,129.1,128.45,128.7,128.6,128.75,308476,39714401.8,1648
2026-08-18,INE1V1R01014,UTKAL,SM,52.65,54.35,50.9,52.95,52.95,51.8,64000,3407100.0,29
2026-08-18,INE735W01017,UTKARSHBNK,EQ,13.91,14.18,13.91,14.05,14.01,14.04,1567677,21945739.21,3940
2026-08-18,INE06IJ01010,UTSSAV,ST,506.0,508.0,500.0,503.2,507.8,505.0,15000,7582500.0,21
2026-08-18,INE786F01031,UTTAMSUGAR,EQ,283.59,296.55,282.08,290.32,290.0,283.0,559821,163121095.91,12699
2026-08-18,INE0GXK01018,VMARCIND,SM,358.4,368.5,356.7,363.2,364.95,360.2,198000,71772900.0,109
2026-08-18,INE222F01029,VTMLTD,EQ,47.99,48.5,46.58,46.79,47.05,46.94,10316,486886.21,86
2026-08-18,INE951I01027,VGUARD,EQ,347.0,350.0,332.5,333.4,333.5,343.95,868328,294253217.4,17337
2026-08-18,INE0QXL01015,VLINFRA,SM,25.5,26.5,25.45,25.95,26.45,25.85,30000,775500.0,18
2026-08-18,INE945H01021,V2RETAIL,EQ,219.25,220.8,217.72,219.58,219.5,218.85,662694,145449478.72,9522
2026-08-18,INE956G01038,WABAG,EQ,1890.0,1995.0,1890.0,1980.6,1994.0,1897.6,649541,1260309752.6,40538
2026-08-18,INE694D01016,VADILALIND,EQ,7448.5,7575.0,7311.0,7429.5,7406.0,7411.0,23467,174857893.5,6488
2026-08-18,INE884A01027,VAIBHAVGBL,EQ,226.85,229.75,222.55,223.5,222.65,226.45,289169,64836756.8,8416
2026-08-18,INE0JR301013,MADHAVBAUG,ST,165.0,172.0,165.0,165.45,165.0,173.0,12000,1985560.0,16
2026-08-18,INE972X01022,VAISHALI,EQ,8.6,8.6,8.32,8.41,8.49,8.34,58949,497575.06,255
2026-08-18,INE051B01021,VAKRANGEE,EQ,5.84,5.87,5.7,5.78,5.8,5.85,816973,4733102.99,1817
2026-08-18,INE0JWS01017,VALIANTLAB,EQ,90.85,90.85,88.27,90.85,90.85,86.53,405249,36743364.62,966
2026-08-18,INE565V01010,VALIANTORG,BE,292.9,319.0,292.9,309.4,310.4,308.3,88150,26488327.35,800
2026-08-18,INE879I01012,DBREALTY,EQ,109.0,109.05,105.56,106.48,106.31,108.51,562777,60149563.88,5716
2026-08-18,INE1E7Y01018,VALUE360,SM,79.8,79.85,75.0,75.0,75.0,76.0,39600,3004440.0,16
2026-08-18,INE116G01013,VARDHACRLC,BE,44.7,44.7,43.9,44.13,44.0,44.47,13291,586620.18,130
2026-08-18,INE701A01023,VHL,EQ,3430.0,3519.4,3420.0,3439.5,3447.5,3473.8,435,1502214.5,147
2026-08-18,INE835A01029,VARDMNPOLY,EQ,6.4,6.49,6.14,6.23,6.21,6.19,228744,1453151.29,389
2026-08-18,INE050M01012,VSSL,EQ,362.85,364.45,351.0,359.2,359.95,361.55,150777,53763936.4,5400
2026-08-18,INE825A01020,VTL,EQ,606.2,611.0,587.65,598.9,610.0,605.25,253029,150970563.35,15191
2026-08-18,INE665L01035,VARROC,EQ,845.0,862.3,837.0,843.9,847.0,847.75,314883,266641424.15,17247
2026-08-18,INE200M01039,VBL,EQ,434.9,443.3,434.6,439.3,439.3,433.85,4034092,1773067160.1,40755
2026-08-18,INE273D01027,VGL,EQ,59.3,59.3,56.0,58.44,58.9,59.3,30601,1747518.84,448
2026-08-18,INE0N5801013,DENTALKART,SM,400.35,401.0,397.0,399.0,400.0,409.9,12750,5095037.5,39
2026-08-18,INE068Z01016,VASA,SM,4.25,4.25,4.25,4.25,4.25,4.45,4000,17000.0,1
2026-08-18,INE893I01013,VASCONEQ,EQ,31.29,31.35,30.5,30.67,30.8,31.13,408114,12559468.79,1485
2026-08-18,INE590L01019,VASWANI,EQ,48.49,48.49,46.78,47.69,47.71,47.96,23950,1138455.86,224
2026-08-18,INE098201036,VCL,EQ,1.85,1.85,1.85,1.85,1.85,1.77,223453,413388.05,100
2026-08-18,INE04HY07294,1025VCCL28,N0,96769.38,96769.38,96769.38,96769.38,96769.38,94301.0,2,193538.76,1
2026-08-18,INE04HY07377,115VCCL28,N0,99500.0,99500.0,99500.0,99500.0,99500.0,99500.0,1,99500.0,1
2026-08-18,INE04HY07187,1180VCCL26,N0,100017.11,100017.11,100017.11,100017.11,100017.11,99700.0,2,200034.22,1
2026-08-18,INE04HY07344,12VCCL28,N0,100100.0,100100.0,100100.0,100100.0,100100.0,99000.0,1,100100.0,1
2026-08-18,INE0U2M01015,VDEAL,SM,158.5,158.5,158.1,158.3,158.1,158.0,1200,189960.0,2
2026-08-18,INE825V01034,MANYAVAR,EQ,541.85,543.3,530.0,536.9,538.0,541.85,260410,139368226.6,9063
2026-08-18,INE1CDF01017,VAML,EQ,441.5,451.3,438.8,445.95,445.95,441.5,9182365,4095324764.55,95111
2026-08-18,INE1CLE01013,VISL,EQ,37.9,38.48,37.02,37.41,37.25,37.97,17356679,654740027.95,39162
2026-08-18,INE205A01025,VEDL,EQ,268.9,270.5,264.0,264.0,264.0,269.7,9772133,2602408559.1,63949
2026-08-18,INE704J01044,VOGL,EQ,37.66,37.97,37.0,37.14,37.17,37.66,18906816,708929828.99,41277
2026-08-18,INE694L01019,VEDPOWER,EQ,36.49,37.14,36.13,36.18,36.22,36.59,17816221,649615970.38,38117
2026-08-18,INE359B01010,VEDAVAAG,EQ,19.16,19.43,18.5,18.98,19.0,19.15,23007,431907.54,148
2026-08-18,INE484C01030,VEEDOL,EQ,1521.6,1525.9,1504.0,1511.3,1510.0,1521.6,6403,9680890.5,820
2026-08-18,INE232E01013,VELJAN,BE,1844.9,1845.0,1766.0,1773.7,1815.0,1785.2,295,531467.8,58
2026-08-18,INE398A01010,VENKEYS,EQ,1534.9,1546.8,1509.1,1514.8,1521.9,1531.0,22957,35037597.2,2353
2026-08-18,INE781S01027,VENTIVE,EQ,590.0,595.45,580.2,585.7,584.0,592.2,11577,6815926.25,1102
2026-08-18,INE0JA001018,VENUSPIPES,EQ,1603.7,1603.7,1560.0,1572.2,1583.1,1596.5,39349,62189676.8,3032
2026-08-18,INE411B01019,VENUSREM,BE,1797.0,1831.9,1761.0,1819.5,1831.0,1803.4,26969,48880539.2,1223
2026-08-18,INE709Z01015,VERA,SM,86.25,86.25,86.25,86.25,86.25,82.15,1500,129375.0,1
2026-08-18,INE0IQ001011,VERANDA,EQ,238.0,242.8,233.8,240.0,242.8,235.1,165468,39359998.1,2458
2026-08-18,INE0NLB01018,VERTEXPLUS,SM,48.0,48.0,48.0,48.0,48.0,48.3,600,28800.0,1
2026-08-18,INE188Y01031,VERTOZ,BE,35.8,36.1,35.1,35.66,35.89,35.97,29064,1040959.1,233
2026-08-18,INE386A01023,VESUVIUS,EQ,442.4,442.4,430.0,434.9,430.15,440.65,44335,19353391.35,2046
2026-08-18,INE918N01018,VETO,BE,119.98,124.95,119.0,123.08,122.01,120.21,15847,1923806.1,224
2026-08-18,INE0QTF01015,VSTL,EQ,106.87,108.0,105.11,106.44,106.55,106.87,6346,673921.59,213
2026-08-18,INE761Q01015,VGCL,EQ,57.48,61.5,57.48,58.21,58.21,60.5,726,42756.32,25
2026-08-18,INE048C01025,VHLTD,BE,123.77,129.81,122.65,129.74,129.81,123.63,288778,35999347.98,372
2026-08-18,INE0F8901022,VICTORYEV,ST,16.45,16.65,16.45,16.65,16.65,16.45,6000,99300.0,2
2026-08-18,INE632C01026,VIDHIING,EQ,322.7,329.9,313.55,325.9,325.6,319.2,52151,16811966.5,1442
2026-08-18,INE14UN01029,VIDYAWIRES,EQ,89.0,89.51,88.0,88.07,88.35,89.4,462465,40880570.06,4779
2026-08-18,INE1DM601016,VIGOR,ST,85.7,92.2,85.7,91.75,91.75,87.85,28800,2575760.0,17
2026-08-18,INE362D01010,VIJSOLX,EQ,675.0,714.9,675.0,700.0,700.0,692.5,251,175683.15,25
2026-08-18,INE043W01024,VIJAYA,EQ,1505.0,1521.3,1491.0,1497.3,1492.0,1506.6,92774,139756126.6,10931
2026-08-18,INE0WL901019,VIJAYPD,SM,57.65,60.0,57.65,60.0,60.0,59.85,6000,351500.0,3
2026-08-18,INE159N01027,VIJIFIN,BE,12.88,12.88,12.88,12.88,12.88,12.63,51486,663139.68,40
2026-08-18,INE806A01020,VIKASECO,EQ,1.1,1.1,1.07,1.08,1.08,1.09,2549314,2761900.13,1276
2026-08-18,INE161L01027,VIKASLIFE,EQ,1.24,1.24,1.22,1.22,1.23,1.23,1767391,2163179.28,8478
2026-08-18,INE078V01014,VIKRAMSOLR,EQ,185.0,186.75,175.5,177.11,175.9,183.1,22684269,4103455596.52,142943
2026-08-18,INE01R501028,VIKRAN,EQ,62.48,62.84,60.8,61.09,61.2,62.54,962402,59387544.25,5764
2026-08-18,INE0AZY01017,VILAS,SM,357.95,360.0,355.85,356.05,356.0,354.9,10000,3578212.5,31
2026-08-18,INE0L4V01013,VILINBIO,SM,42.5,42.5,42.5,42.5,42.5,43.0,4000,170000.0,1
2026-08-18,INE579C01029,VIMTALABS,EQ,624.0,627.8,617.0,621.2,623.65,623.45,92845,57626597.65,4572
2026-08-18,INE410B01037,VINATIORGA,EQ,1344.2,1370.8,1333.3,1338.5,1345.0,1344.2,26064,35191781.7,3587
2026-08-18,INE707A01012,VINDHYATEL,EQ,2494.0,2540.0,2440.0,2485.7,2490.0,2486.6,36075,89888359.0,4317
2026-08-18,INE505Y01010,VINEETLAB,EQ,37.36,37.79,36.0,36.33,36.69,37.36,152932,5603135.65,635
2026-08-18,INE27V201011,VMOBILE,SM,68.1,68.2,65.9,65.9,65.9,68.1,6400,430760.0,8
2026-08-18,INE01KI01027,VINNY,EQ,1.07,1.07,1.05,1.05,1.06,1.06,172261,182365.36,134
2026-08-18,INE0OSJ01014,VINSYS,ST,580.0,583.0,579.0,579.0,579.0,580.0,2250,1306000.0,8
2026-08-18,INE498Q01014,VINCOFE,EQ,146.15,148.7,143.85,148.16,148.0,146.28,2360756,344702823.19,16499
2026-08-18,INE0OLS01010,VINYAS,SM,1414.95,1494.0,1350.0,1462.1,1470.0,1330.55,31200,44335060.0,260
2026-08-18,INE250B01029,VINYLINDIA,EQ,236.57,243.3,234.94,239.73,236.65,236.57,7553,1797650.18,437
2026-08-18,INE450G01024,VIPCLOTHNG,EQ,20.58,20.9,20.0,20.17,20.25,20.59,22881,462641.62,163
2026-08-18,INE054A01027,VIPIND,EQ,300.0,311.7,299.8,309.4,310.65,300.5,293364,89907741.0,6179
2026-08-18,INE946H01037,VIPULLTD,BE,14.87,14.87,14.87,14.87,14.87,14.58,76589,1138878.43,46
2026-08-18,INE467D01017,VIRAT,EQ,350.4,350.4,268.05,343.0,343.0,335.0,330,111236.75,14
2026-08-18,INE539B01017,VIRINCHI,EQ,15.57,15.57,14.75,15.04,15.25,15.03,53428,807323.49,207
2026-08-18,INE0VRH01015,VGINFOTECH,SM,150.0,152.5,149.0,150.8,151.9,151.8,37000,5572200.0,35
2026-08-18,INE247C01023,VIRTUALG,EQ,0.41,0.42,0.4,0.42,0.42,0.41,197952,80408.46,192
2026-08-18,INE0I0T01010,VOEPL,EQ,495.0,499.5,471.95,477.85,474.9,490.4,54797,26622407.7,2043
2026-08-18,INE286H01012,VISACHROME,EQ,38.41,38.79,37.65,37.89,37.99,38.41,13045,497170.19,61
2026-08-18,INE370E01029,VIVIDHA,EQ,0.54,0.54,0.51,0.53,0.54,0.53,424742,224345.06,241
2026-08-18,INE392A01021,VISAKAIND,EQ,92.4,98.89,92.39,95.5,95.29,92.0,592817,56713070.69,7155
2026-08-18,INE0OWX01025,VISDEM,SM,85.85,86.0,85.85,86.0,86.0,85.85,9600,824340.0,7
2026-08-18,INE755Q01025,VISHAL,EQ,18.48,18.56,17.9,17.98,18.2,18.12,35825,654684.99,199
2026-08-18,INE01EA01019,VMM,EQ,105.8,106.17,103.67,103.71,103.71,105.5,5298866,554543024.32,47096
2026-08-18,INE270I01022,VISHNU,EQ,618.5,662.0,615.15,637.5,636.1,618.25,577546,372312070.1,18680
2026-08-18,INE0AE001013,VPRPL,EQ,34.91,36.24,34.05,34.76,34.82,34.92,397938,13898689.87,2171
2026-08-18,INE0PQ001012,VISHNUINFR,SM,145.8,145.8,145.8,145.8,145.8,148.0,1000,145800.0,2
2026-08-18,INE430N01022,VISHWARAJ,EQ,5.37,5.62,5.37,5.45,5.48,5.37,596863,3276796.12,779
2026-08-18,INE0TR001017,VIESL,SM,300.5,309.5,300.15,304.35,304.0,300.35,16800,5115720.0,19
2026-08-18,INE0L4K01016,VITAL,BE,52.15,53.48,51.3,51.33,52.56,54.0,13481,697339.51,46
2026-08-18,INE0MEG01014,VIVIANA,BE,699.5,716.0,687.1,700.0,700.0,696.05,16764,11820704.9,299
2026-08-18,INE24H301028,VIVIDEL,ST,1619.2,1679.0,1553.3,1622.35,1645.0,1635.05,24720,39818520.0,95
2026-08-18,INE526G01021,VIVIMEDLAB,BE,5.3,5.4,5.0,5.4,5.4,5.15,98838,528962.86,120
2026-08-18,INE380K01017,VIVOBIOT,EQ,19.66,19.94,19.0,19.1,19.15,19.68,21477,411391.68,154
2026-08-18,INE0IA701014,VIVO,ST,160.2,160.2,146.1,146.5,146.5,152.65,8000,1192000.0,5
2026-08-18,INE807F01027,VIYASH,EQ,253.1,257.7,252.2,254.95,255.2,252.15,1369758,349453589.8,21475
2026-08-18,INE03HW01020,VLEGOV,BE,9.54,9.54,9.54,9.54,9.54,9.73,38145,363903.3,150
2026-08-18,INE709A01018,VLSFINANCE,EQ,256.65,259.5,251.5,252.75,252.0,256.6,17367,4415792.45,685
2026-08-18,INE665J01013,VMART,EQ,793.9,812.6,788.25,809.4,806.45,792.3,70947,56977608.75,5605
2026-08-18,INE0SJA01013,VMSTMT,EQ,49.0,49.95,47.1,48.63,48.9,49.85,38362,1856915.85,705
2026-08-18,INE669E01016,IDEA,EQ,13.65,14.31,13.5,14.12,14.12,13.71,820797167,11410946710.24,764194
2026-08-18,INE285C01015,VOITHPAPR,EQ,1696.0,1696.0,1460.0,1492.3,1512.0,1414.1,372,561026.5,39
2026-08-18,INE241X01014,VOLERCAR,SM,216.25,216.25,216.0,216.1,216.1,218.0,3200,691560.0,4
2026-08-18,INE540H01012,VOLTAMP,EQ,9989.0,10138.5,9965.0,10093.5,10065.0,10001.0,12530,126278463.0,4753
2026-08-18,INE226A01021,VOLTAS,EQ,1262.0,1272.0,1247.0,1252.9,1252.9,1267.0,995520,1249858078.7,32504
2026-08-18,INE0S2V01010,VRAJ,EQ,121.51,125.5,121.01,121.48,121.14,121.5,10130,1237254.18,708
2026-08-18,INE366I01010,VRLLOG,EQ,295.0,302.95,295.0,297.5,297.15,296.2,128724,38445292.85,7139
2026-08-18,INE710A01016,VSTIND,EQ,215.57,216.07,213.93,214.88,214.0,214.5,113621,24395874.26,2007
2026-08-18,INE764D01017,VSTTILLERS,EQ,4530.0,4559.8,4444.0,4473.3,4479.0,4527.4,6611,29696678.6,2205
2026-08-18,INE855A01019,WHBRADY,EQ,505.8,507.0,495.3,507.0,507.0,506.95,5,2520.9,5
2026-08-18,INE765D01022,WPIL,EQ,433.85,439.4,418.65,426.35,430.0,433.9,36814,15777601.8,2044
2026-08-18,INE100D01014,WSI,EQ,60.85,61.11,58.2,60.18,61.0,60.83,52928,3189612.87,1258
2026-08-18,INE377N01017,WAAREEENER,EQ,2706.9,2719.5,2693.0,2709.1,2709.1,2707.0,396655,1075110322.3,21665
2026-08-18,INE299N01021,WAAREERTL,EQ,897.0,899.35,888.0,890.1,890.0,896.95,66394,59161458.1,5540
2026-08-18,INE0E7301029,WAKEFIT,EQ,124.01,134.79,124.01,131.52,132.0,124.63,6325818,825625528.32,49384
2026-08-18,INE711A01022,WALCHANNAG,EQ,223.2,225.63,221.82,222.6,222.25,223.91,472284,105250377.46,6666
2026-08-18,INE107F01022,WANBURY,EQ,252.95,259.6,250.0,254.25,256.0,250.7,198618,50702600.5,4912
2026-08-18,INE945P01024,WARDINMOBI,EQ,6.16,6.8,6.16,6.28,6.31,6.25,256613,1612732.78,886
2026-08-18,INE054C01015,WATERBASE,EQ,47.9,47.9,45.5,46.32,47.2,47.11,8458,398410.04,129
2026-08-18,INE0LZF01013,CORDELIA,EQ,823.7,833.95,820.5,830.0,831.0,823.2,73939,61343587.1,3527
2026-08-18,INE0A3007065,1075WCA28,N0,9598.0,9598.0,9598.0,9598.0,9598.0,9860.0,1,9598.0,1
2026-08-18,INE082W01014,WEWIN,EQ,46.0,46.0,46.0,46.0,46.0,46.0,127,5842.0,6
2026-08-18,INF2F0001370,TWCGOLDETF,EQ,152.18,152.62,151.93,152.23,152.29,152.33,16170,2466739.57,404
2026-08-18,INE658T01017,WEALTH,EQ,876.0,876.0,852.3,862.45,868.0,876.75,2871,2482541.35,349
2026-08-18,INE855C01023,WEBELSOLAR,EQ,81.14,86.94,81.14,86.93,86.94,82.8,4243102,364209917.28,17026
2026-08-18,INE080A01014,WEIZMANIND,EQ,77.37,78.99,77.1,77.56,77.56,77.29,383,29644.68,16
2026-08-18,INE191B01025,WELCORP,EQ,1886.6,1934.9,1882.0,1917.1,1924.0,1882.0,712593,1360459949.5,35788
2026-08-18,INE625G01013,WELENT,EQ,569.35,578.0,566.0,575.85,576.75,569.4,208397,119210172.25,6657
2026-08-18,INE389K01018,WELINV,BE,1795.1,1885.0,1790.0,1843.2,1849.9,1857.5,98196,175785407.5,74
2026-08-18,INE192B01031,WELSPUNLIV,EQ,168.3,182.9,167.8,177.79,177.45,168.15,53708881,9626390405.37,264121
2026-08-18,INE731F01037,WELSPLSOL,EQ,48.0,48.93,47.25,47.96,47.52,48.47,175909,8434822.17,1474
2026-08-18,INE274C01019,WENDT,EQ,8115.0,8253.5,7985.0,8055.0,8099.5,8110.0,5231,42185126.5,1516
2026-08-18,INE976A01021,WSTCSTPAPR,EQ,601.1,644.0,601.1,619.2,617.7,605.5,365686,228669600.45,13824
2026-08-18,INE0CJF01024,WCIL,EQ,87.9,88.09,85.8,86.27,86.0,87.99,31346,2716117.43,884
2026-08-18,INE274F01020,WESTLIFE,EQ,583.1,592.95,578.0,587.75,591.35,579.6,36576,21489191.7,4454
2026-08-18,INE085001019,WEWORK,EQ,707.0,707.0,690.0,696.05,696.0,707.8,123453,86071604.6,11928
2026-08-18,INE715A01015,WHEELS,EQ,1415.0,1452.0,1407.0,1442.6,1442.1,1417.5,54296,77722493.8,5218
2026-08-18,INE716A01013,WHIRLPOOL,EQ,778.0,785.15,765.15,769.0,769.7,777.35,158057,122021990.45,8594
2026-08-18,INE210A01017,WILLAMAGOR,EQ,26.0,26.0,24.99,25.15,25.0,24.93,2813,71562.39,27
2026-08-18,INE0H5O01029,WINDLAS,EQ,939.0,939.0,911.95,917.95,919.4,933.4,36703,33805004.8,3463
2026-08-18,INE052A01021,WINDMACHIN,EQ,302.1,322.0,300.0,318.9,319.2,300.4,1516405,470149064.75,26094
2026-08-18,INE0S3D01016,WINSOL,SM,110.0,117.8,110.0,114.0,113.15,111.9,19200,2181820.0,30
2026-08-18,INE075A01022,WIPRO,EQ,181.9,181.99,178.06,178.06,178.06,181.9,7074731,1269120344.59,62610
2026-08-18,INE623Y01011,WTICAB,SM,102.25,105.95,102.15,105.0,105.0,105.15,16000,1670700.0,17
2026-08-18,INE049B01025,WOCKPHARMA,EQ,1898.8,1900.4,1855.1,1859.9,1859.0,1898.8,476558,890137633.6,46520
2026-08-18,INE0Q9601016,WOMANCART,SM,105.0,109.0,100.35,108.45,109.0,103.45,46800,4992080.0,102
2026-08-18,INE02WG01024,WEL,EQ,143.71,147.9,140.51,146.24,146.99,145.74,824447,119970157.43,6826
2026-08-18,INE066O01014,WONDERLA,EQ,468.7,486.0,468.05,476.0,476.6,468.7,149025,71113396.35,7020
2026-08-18,INE196Y01018,WORTHPERI,EQ,157.88,159.0,152.81,154.54,154.0,155.29,6710,1048977.16,132
2026-08-18,INE692G01013,XCHANGING,EQ,62.18,62.55,61.65,62.24,62.55,61.72,43955,2723970.6,645
2026-08-18,INE01P501012,XELPMOC,EQ,79.5,80.18,78.94,79.85,80.0,79.48,6393,508946.86,245
2026-08-18,INE445C01015,XPROINDIA,EQ,1094.0,1120.0,1080.1,1088.6,1090.0,1103.7,53091,57973448.6,2520
2026-08-18,INE547B01028,XTGLOBAL,EQ,30.45,30.45,29.5,29.74,29.52,29.68,36734,1090063.99,244
2026-08-18,INE0NG701011,XTRANET,EQ,159.95,172.5,155.41,168.97,168.0,158.7,867676,143482035.08,13850
2026-08-18,INE0U0J01015,YAAP,SM,138.0,140.0,138.0,139.1,140.0,138.0,5000,692300.0,5
2026-08-18,INE0TO601017,YASHOPTICS,SM,112.5,112.5,112.5,112.5,112.5,114.0,1600,180000.0,2
2026-08-18,INE616Z01012,YASHO,EQ,4400.0,4994.0,4399.9,4915.8,4949.0,4362.3,240192,1143814818.0,40510
2026-08-18,INE0JO301016,YATHARTH,EQ,838.7,859.8,838.0,854.0,857.0,842.85,218447,186257265.45,13481
2026-08-18,INE0JR601024,YATRA,EQ,114.5,117.2,112.86,115.5,115.49,113.95,942576,108512200.23,10910
2026-08-18,INE528G01035,YESBANK,EQ,22.9,22.97,22.45,22.46,22.46,22.92,49817232,1126301212.97,64577
2026-08-18,INE290E01011,YOGI,EQ,157.45,174.0,155.0,155.82,174.0,160.9,1224,191424.5,31
2026-08-18,INE09FA01019,YUDIZ,SM,23.4,23.5,23.4,23.4,23.4,24.6,7200,168640.0,8
2026-08-18,INE384C01016,YUKEN,EQ,836.1,892.3,814.1,881.95,880.0,821.95,23830,20733940.3,1884
2026-08-18,INE116C01012,ZFSTEERING,EQ,674.6,695.0,663.45,679.8,683.0,673.6,3477,2369199.75,149
2026-08-18,INE0ISZ01012,ZTECH,SM,501.05,510.0,497.0,502.7,500.3,499.4,22800,11518020.0,43
2026-08-18,INE07K301024,ZAGGLE,EQ,160.61,169.9,154.36,165.88,165.94,160.48,19851829,3277049338.75,157146
2026-08-18,INE0PPS01018,ZEAL,SM,63.5,65.9,63.5,64.05,64.05,63.5,4200,271110.0,7
2026-08-18,INE256A01028,ZEEL,EQ,104.87,106.95,103.5,105.32,105.0,104.87,24564113,2585785573.68,68302
2026-08-18,INE565L01011,ZEELEARN,BE,8.08,8.08,7.8,7.85,7.85,7.98,148876,1170452.5,324
2026-08-18,INE966H01019,ZEEMEDIA,EQ,9.72,9.85,9.3,9.38,9.39,9.7,9984323,95449824.19,11898
2026-08-18,INE251B01027,ZENTEC,EQ,1860.1,2012.4,1855.2,1982.4,1985.0,1864.5,2742695,5403566813.4,139099
2026-08-18,INE058B01018,ZENITHEXPO,EQ,195.55,204.19,194.29,197.45,197.0,204.51,1132,224750.41,60
2026-08-18,INE318D01020,ZENITHSTL,EQ,5.37,5.58,5.37,5.51,5.55,5.48,28389,156651.0,121
2026-08-18,INE520A01027,ZENSARTECH,EQ,490.5,493.2,483.0,484.9,483.5,490.75,477870,232125922.6,15008
2026-08-18,INF0R8F01042,GOLDCASE,EQ,23.96,24.54,23.96,24.07,24.09,24.06,5556353,133752917.63,6814
2026-08-18,INF0R8F01034,LIQUIDCASE,EQ,115.51,115.53,115.51,115.51,115.51,115.49,13077255,1510637817.88,10123
2026-08-18,INF0R8F01133,LTGILTCASE,EQ,31.23,31.23,30.54,30.59,30.61,30.62,74756,2287048.18,125
2026-08-18,INF0R8F01059,MID150CASE,EQ,11.84,12.13,11.75,11.78,11.79,11.84,892340,10513502.66,3217
2026-08-18,INF0R8F01166,NIFTYCASE,EQ,10.02,10.02,9.71,9.74,9.75,9.78,616924,6006324.36,1690
2026-08-18,INF0R8F01091,SILVERCASE,EQ,24.3,24.3,23.45,23.51,23.52,23.71,3495428,82257720.91,4802
2026-08-18,INF0R8F01141,SML100CASE,EQ,11.3,11.3,11.21,11.25,11.27,11.28,806253,9071051.83,1458
2026-08-18,INF0R8F01067,TOP100CASE,EQ,10.73,10.81,10.6,10.69,10.68,10.73,640952,6852125.53,955
2026-08-18,INE342J01019,ZFCVINDIA,EQ,2612.0,2691.0,2601.0,2672.7,2670.0,2623.7,142083,376948439.8,15710
2026-08-18,INE518E01015,ZIMLAB,EQ,115.0,115.4,110.22,114.51,114.78,115.2,56724,6408309.08,2511
2026-08-18,INE206B01013,ZODIACLOTH,EQ,74.02,75.0,74.02,74.86,75.0,75.6,2596,193479.19,78
2026-08-18,INE761Y01019,ZODIAC,EQ,260.0,262.8,251.05,256.05,257.95,256.25,20013,5127133.55,1220
2026-08-18,INE358U01012,ZOTA,EQ,1116.9,1127.2,1076.4,1085.4,1085.0,1111.4,100892,111178083.1,5161
2026-08-18,INE840M01016,ZUARI,EQ,222.6,227.62,220.97,225.7,225.13,222.71,77311,17380160.1,2325
2026-08-18,INE217A01012,ZUARIIND,EQ,259.95,269.0,257.05,260.45,260.5,256.45,100921,26567604.15,2884
2026-08-18,INE010B01027,ZYDUSLIFE,EQ,1131.9,1144.1,1115.6,1115.6,1115.6,1131.5,810133,912723176.1,23793
2026-08-18,INE768C01028,ZYDUSWELL,EQ,507.6,509.95,492.1,496.65,496.9,510.15,201281,100811062.35,10513
